# Made in Blockbench 4.10.4
mtllib single_signal_pole.mtl

o cylinder
v -2.7755575615628914e-17 -1 0
v -2.7755575615628914e-17 2 0
v 0.05024047358083547 -1 0.1875
v 0.05024047358083547 2 0.1875
v 0.13725952641916442 -1 0.13725952641916447
v 0.13725952641916442 2 0.13725952641916447
v 0.18749999999999997 -1 0.050240473580835485
v 0.18749999999999997 2 0.050240473580835485
v 0.18749999999999997 -1 -0.050240473580835526
v 0.18749999999999997 2 -0.050240473580835526
v 0.13725952641916447 -1 -0.13725952641916447
v 0.13725952641916447 2 -0.13725952641916447
v 0.050240473580835526 -1 -0.18749999999999994
v 0.050240473580835526 2 -0.18749999999999994
v -0.05024047358083544 -1 -0.1875
v -0.05024047358083544 2 -0.1875
v -0.1372595264191645 -1 -0.1372595264191645
v -0.1372595264191645 2 -0.1372595264191645
v -0.18749999999999997 -1 -0.050240473580835485
v -0.18749999999999997 2 -0.050240473580835485
v -0.18750000000000003 -1 0.0502404735808354
v -0.18750000000000003 2 0.0502404735808354
v -0.13725952641916456 -1 0.13725952641916447
v -0.13725952641916456 2 0.13725952641916447
v -0.0502404735808355 -1 0.1875
v -0.0502404735808355 2 0.1875
vt 0.00808808623699394 0.9959559568815031
vt 0.007004500337542835 1
vt 0 0.9959559568815031
vt 0 0.9921875
vt 0.00418671875 0.9921875
vt 0.00418671875 1
vt 0 1
vt 0 0.9919119032076205
vt 0.004044037840811051 0.9929955088036932
vt 1.3010426069826053e-18 1
vt 0.008088096792379552 0.9959559621591889
vt 0.007004491196306773 1
vt 0 0.9959559621591889
vt 0 0.9921875
vt 0.00418671875 0.9921875
vt 0.00418671875 1
vt 0 1
vt 8.673617379884035e-19 0.991911913763006
vt 0.00404404311849697 0.9929954996624571
vt 0 1
vt 0.0078125 0.99581328125
vt 0.0078125 1
vt 0 0.997906640625
vt 0 0.9921875
vt 0.00418671875 0.9921875
vt 0.00418671875 1
vt 0 1
vt 0.0078125 0.99581328125
vt 0.0078125 1
vt 0 0.997906640625
vt 8.673617379884035e-19 0.991911913763006
vt 0.00404404311849697 0.9929954996624571
vt 0 1
vt 0 0.9921875
vt 0.00418671875 0.9921875
vt 0.00418671875 1
vt 0 1
vt 0.008088096792379552 0.9959559621591889
vt 0.007004491196306773 1
vt 0 0.9959559621591889
vt 0 0.9919119032076205
vt 0.004044037840811051 0.9929955088036932
vt 1.3010426069826053e-18 1
vt 0 0.9921875
vt 0.00418671875 0.9921875
vt 0.00418671875 1
vt 0 1
vt 0.00808808623699394 0.9959559568815031
vt 0.007004500337542835 1
vt 0 0.9959559568815031
vt 0 0.9921875
vt 0.00418671875 0.9921875
vt 0.002093359375 1
vt 0 0.9921875
vt 0.00418671875 0.9921875
vt 0.00418671875 1
vt 0 1
vt 0.00418671875 1
vt 0 1
vt 0.002093359375 0.9921875
vt 0 1
vt 0.0010835858994511045 0.9959559568815031
vt 0.00808808623699394 1
vt 0 0.9921875
vt 0.00418671875 0.9921875
vt 0.00418671875 1
vt 0 1
vt 0.004044037840811051 1
vt 0 0.9989163944039272
vt 0.00404403784081105 0.9919119032076205
vt 0 1
vt 0.0010836055960727793 0.9959559621591889
vt 0.008088096792379552 1
vt 0 0.9921875
vt 0.00418671875 0.9921875
vt 0.00418671875 1
vt 0 1
vt 0.004044043118496969 1
vt 0 0.9989164141005489
vt 0.00404404311849697 0.991911913763006
vt 0 1
vt 0 0.99581328125
vt 0.0078125 0.997906640625
vt 0 0.9921875
vt 0.00418671875 0.9921875
vt 0.00418671875 1
vt 0 1
vt 0 1
vt 0 0.99581328125
vt 0.0078125 0.997906640625
vt 0.004044043118496969 1
vt 0 0.9989164141005489
vt 0.00404404311849697 0.991911913763006
vt 0 0.9921875
vt 0.00418671875 0.9921875
vt 0.00418671875 1
vt 0 1
vt 0 1
vt 0.0010836055960727793 0.9959559621591889
vt 0.008088096792379552 1
vt 0.004044037840811051 1
vt 0 0.9989163944039272
vt 0.00404403784081105 0.9919119032076205
vt 0 0.9921875
vt 0.00418671875 0.9921875
vt 0.00418671875 1
vt 0 1
vt 0 1
vt 0.0010835858994511045 0.9959559568815031
vt 0.00808808623699394 1
vt 0.00418671875 1
vt 0 1
vt 0.002093359375 0.9921875
vt 0 0.9921875
vt 0.00418671875 0.9921875
vt 0.00418671875 1
vt 0 1
vt 0 0.9921875
vt 0.00418671875 0.9921875
vt 0.002093359375 1
vn 0 -1 0
vn 0.5000000000000003 0 0.8660254037844386
vn 0 1 0
vn 0 -1 0
vn 0.8660254037844385 0 0.5000000000000003
vn 0 1 0
vn 0 -1 0
vn 1 0 0
vn 0 1 0
vn 0 -1 0
vn 0.8660254037844386 0 -0.5000000000000001
vn 0 1 0
vn 0 -1 0
vn 0.4999999999999999 0 -0.8660254037844387
vn 0 1 0
vn 0 -1 0
vn 5.524544980845172e-16 0 -1
vn 0 1 0
vn 0 -1 0
vn -0.4999999999999996 0 -0.8660254037844389
vn 0 1 0
vn 0 -1 0
vn -0.866025403784439 0 -0.49999999999999967
vn 0 1 0
vn 0 -1 0
vn -1 0 -5.524544980845176e-16
vn 0 1 0
vn 0 -1 0
vn -0.866025403784439 0 0.49999999999999933
vn 0 1 0
vn 0 -1 0
vn -0.49999999999999983 0 0.8660254037844387
vn 0 1 0
vn 0 -1 0
vn 0 0 1
vn 0 1 0
usemtl m_b6958d40-007f-b834-3c7f-7d7dbd7a38d4
f 5/1/1 3/2/1 1/3/1
f 3/4/2 5/5/2 6/6/2 4/7/2
f 4/8/3 6/9/3 2/10/3
f 7/11/4 5/12/4 1/13/4
f 5/14/5 7/15/5 8/16/5 6/17/5
f 6/18/6 8/19/6 2/20/6
f 9/21/7 7/22/7 1/23/7
f 7/24/8 9/25/8 10/26/8 8/27/8
f 8/28/9 10/29/9 2/30/9
f 11/31/10 9/32/10 1/33/10
f 9/34/11 11/35/11 12/36/11 10/37/11
f 10/38/12 12/39/12 2/40/12
f 13/41/13 11/42/13 1/43/13
f 11/44/14 13/45/14 14/46/14 12/47/14
f 12/48/15 14/49/15 2/50/15
f 15/51/16 13/52/16 1/53/16
f 13/54/17 15/55/17 16/56/17 14/57/17
f 14/58/18 16/59/18 2/60/18
f 17/61/19 15/62/19 1/63/19
f 15/64/20 17/65/20 18/66/20 16/67/20
f 16/68/21 18/69/21 2/70/21
f 19/71/22 17/72/22 1/73/22
f 17/74/23 19/75/23 20/76/23 18/77/23
f 18/78/24 20/79/24 2/80/24
f 21/81/25 19/82/25 1/83/25
f 19/84/26 21/85/26 22/86/26 20/87/26
f 20/88/27 22/89/27 2/90/27
f 23/91/28 21/92/28 1/93/28
f 21/94/29 23/95/29 24/96/29 22/97/29
f 22/98/30 24/99/30 2/100/30
f 25/101/31 23/102/31 1/103/31
f 23/104/32 25/105/32 26/106/32 24/107/32
f 24/108/33 26/109/33 2/110/33
f 3/111/34 25/112/34 1/113/34
f 25/114/35 3/115/35 4/116/35 26/117/35
f 26/118/36 4/119/36 2/120/36
o cube
v 0.359375 1.7963302919057345 0.21329277813878234
v 0.359375 1.7873620030312862 0.15143956646255297
v 0.359375 -1.172623868553276 0.6437706441123203
v 0.359375 -1.1815921574277246 0.5819174324360907
v 0.296875 1.7873620030312862 0.15143956646255297
v 0.296875 1.7963302919057345 0.21329277813878234
v 0.296875 -1.1815921574277246 0.5819174324360907
v 0.296875 -1.172623868553276 0.6437706441123203
vt 0 1
vt 0.0009765625 1
vt 0.0009765625 0.984375
vt 0 0.984375
vt 0 1
vt 0.0009765625 1
vt 0.0009765625 0.984375
vt 0 0.984375
vt 0 1
vt 0.0009765625 1
vt 0.0009765625 0.984375
vt 0 0.984375
vt 0 1
vt 0.0009765625 1
vt 0.0009765625 0.984375
vt 0 0.984375
vt 0 1
vt 0.0009765625 1
vt 0.0009765625 0.9990234375
vt 0 0.9990234375
vt 0 1
vt 0.0009765625 1
vt 0.0009765625 0.9990234375
vt 0 0.9990234375
vn 0 -0.14349262199117932 -0.9896513868196702
vn 1 0 0
vn 0 0.14349262199117932 0.9896513868196702
vn -1 0 0
vn 0 0.9896513868196702 -0.14349262199117932
vn 0 -0.9896513868196702 0.14349262199117932
usemtl m_b6958d40-007f-b834-3c7f-7d7dbd7a38d4
f 30/124/37 33/123/37 31/122/37 28/121/37
f 29/128/38 30/127/38 28/126/38 27/125/38
f 34/132/39 29/131/39 27/130/39 32/129/39
f 33/136/40 34/135/40 32/134/40 31/133/40
f 32/140/41 27/139/41 28/138/41 31/137/41
f 33/144/42 30/143/42 29/142/42 34/141/42
o cube
v 0.296875 -0.9252110218483585 0.6078974886145254
v 0.296875 -0.9341793107228071 0.546044276938296
v 0.296875 -0.9870642335245878 0.6168657774889743
v 0.296875 -0.9960325223990365 0.5550125658127447
v -0.140625 -0.9341793107228071 0.546044276938296
v -0.140625 -0.9252110218483585 0.6078974886145254
v -0.140625 -0.9960325223990365 0.5550125658127447
v -0.140625 -0.9870642335245878 0.6168657774889743
vt 0 1
vt 0.0068359375 1
vt 0.0068359375 0.9990234375
vt 0 0.9990234375
vt 0 1
vt 0.0009765625 1
vt 0.0009765625 0.9990234375
vt 0 0.9990234375
vt 0 1
vt 0.0068359375 1
vt 0.0068359375 0.9990234375
vt 0 0.9990234375
vt 0 1
vt 0.0009765625 1
vt 0.0009765625 0.9990234375
vt 0 0.9990234375
vt 0 1
vt 0.0068359375 1
vt 0.0068359375 0.9990234375
vt 0 0.9990234375
vt 0 1
vt 0.0068359375 1
vt 0.0068359375 0.9990234375
vt 0 0.9990234375
vn 0 -0.14349262199117932 -0.9896513868196702
vn 1 0 0
vn 0 0.14349262199117932 0.9896513868196702
vn -1 0 0
vn 0 0.9896513868196702 -0.14349262199117932
vn 0 -0.9896513868196702 0.14349262199117932
usemtl m_b6958d40-007f-b834-3c7f-7d7dbd7a38d4
f 38/148/43 41/147/43 39/146/43 36/145/43
f 37/152/44 38/151/44 36/150/44 35/149/44
f 42/156/45 37/155/45 35/154/45 40/153/45
f 41/160/46 42/159/46 40/158/46 39/157/46
f 40/164/47 35/163/47 36/162/47 39/161/47
f 41/168/48 38/167/48 37/166/48 42/165/48
o cube
v -0.140625 1.7963302919057345 0.21329277813878234
v -0.140625 1.7873620030312862 0.15143956646255297
v -0.140625 -1.172623868553276 0.6437706441123203
v -0.140625 -1.1815921574277246 0.5819174324360907
v -0.203125 1.7873620030312862 0.15143956646255297
v -0.203125 1.7963302919057345 0.21329277813878234
v -0.203125 -1.1815921574277246 0.5819174324360907
v -0.203125 -1.172623868553276 0.6437706441123203
vt 0 1
vt 0.0009765625 1
vt 0.0009765625 0.984375
vt 0 0.984375
vt 0 1
vt 0.0009765625 1
vt 0.0009765625 0.984375
vt 0 0.984375
vt 0 1
vt 0.0009765625 1
vt 0.0009765625 0.984375
vt 0 0.984375
vt 0 1
vt 0.0009765625 1
vt 0.0009765625 0.984375
vt 0 0.984375
vt 0 1
vt 0.0009765625 1
vt 0.0009765625 0.9990234375
vt 0 0.9990234375
vt 0 1
vt 0.0009765625 1
vt 0.0009765625 0.9990234375
vt 0 0.9990234375
vn 0 -0.14349262199117932 -0.9896513868196702
vn 1 0 0
vn 0 0.14349262199117932 0.9896513868196702
vn -1 0 0
vn 0 0.9896513868196702 -0.14349262199117932
vn 0 -0.9896513868196702 0.14349262199117932
usemtl m_b6958d40-007f-b834-3c7f-7d7dbd7a38d4
f 46/172/49 49/171/49 47/170/49 44/169/49
f 45/176/50 46/175/50 44/174/50 43/173/50
f 50/180/51 45/179/51 43/178/51 48/177/51
f 49/184/52 50/183/52 48/182/52 47/181/52
f 48/188/53 43/187/53 44/186/53 47/185/53
f 49/192/54 46/191/54 45/190/54 50/189/54
o cube
v 0.296875 -0.5540917517909842 0.5540877553678336
v 0.296875 -0.5630600406654329 0.49223454369160413
v 0.296875 -0.6159449634672127 0.5630560442422821
v 0.296875 -0.6249132523416614 0.5012028325660527
v -0.140625 -0.5630600406654329 0.49223454369160413
v -0.140625 -0.5540917517909842 0.5540877553678336
v -0.140625 -0.6249132523416614 0.5012028325660527
v -0.140625 -0.6159449634672127 0.5630560442422821
vt 0 1
vt 0.0068359375 1
vt 0.0068359375 0.9990234375
vt 0 0.9990234375
vt 0 1
vt 0.0009765625 1
vt 0.0009765625 0.9990234375
vt 0 0.9990234375
vt 0 1
vt 0.0068359375 1
vt 0.0068359375 0.9990234375
vt 0 0.9990234375
vt 0 1
vt 0.0009765625 1
vt 0.0009765625 0.9990234375
vt 0 0.9990234375
vt 0 1
vt 0.0068359375 1
vt 0.0068359375 0.9990234375
vt 0 0.9990234375
vt 0 1
vt 0.0068359375 1
vt 0.0068359375 0.9990234375
vt 0 0.9990234375
vn 0 -0.14349262199117932 -0.9896513868196702
vn 1 0 0
vn 0 0.14349262199117932 0.9896513868196702
vn -1 0 0
vn 0 0.9896513868196702 -0.14349262199117932
vn 0 -0.9896513868196702 0.14349262199117932
usemtl m_b6958d40-007f-b834-3c7f-7d7dbd7a38d4
f 54/196/55 57/195/55 55/194/55 52/193/55
f 53/200/56 54/199/56 52/198/56 51/197/56
f 58/204/57 53/203/57 51/202/57 56/201/57
f 57/208/58 58/207/58 56/206/58 55/205/58
f 56/212/59 51/211/59 52/210/59 55/209/59
f 57/216/60 54/215/60 53/214/60 58/213/60
o cube
v 0.296875 0.18814678832377063 0.44646828887444867
v 0.296875 0.17917849944932196 0.3846150771982193
v 0.296875 0.12629357664754126 0.45543657774889745
v 0.296875 0.11732528777309259 0.393583366072668
v -0.140625 0.17917849944932196 0.3846150771982193
v -0.140625 0.18814678832377063 0.44646828887444867
v -0.140625 0.11732528777309259 0.393583366072668
v -0.140625 0.12629357664754126 0.45543657774889745
vt 0 1
vt 0.0068359375 1
vt 0.0068359375 0.9990234375
vt 0 0.9990234375
vt 0 1
vt 0.0009765625 1
vt 0.0009765625 0.9990234375
vt 0 0.9990234375
vt 0 1
vt 0.0068359375 1
vt 0.0068359375 0.9990234375
vt 0 0.9990234375
vt 0 1
vt 0.0009765625 1
vt 0.0009765625 0.9990234375
vt 0 0.9990234375
vt 0 1
vt 0.0068359375 1
vt 0.0068359375 0.9990234375
vt 0 0.9990234375
vt 0 1
vt 0.0068359375 1
vt 0.0068359375 0.9990234375
vt 0 0.9990234375
vn 0 -0.14349262199117932 -0.9896513868196702
vn 1 0 0
vn 0 0.14349262199117932 0.9896513868196702
vn -1 0 0
vn 0 0.9896513868196702 -0.14349262199117932
vn 0 -0.9896513868196702 0.14349262199117932
usemtl m_b6958d40-007f-b834-3c7f-7d7dbd7a38d4
f 62/220/61 65/219/61 63/218/61 60/217/61
f 61/224/62 62/223/62 60/222/62 59/221/62
f 66/228/63 61/227/63 59/226/63 64/225/63
f 65/232/64 66/231/64 64/230/64 63/229/64
f 64/236/65 59/235/65 60/234/65 63/233/65
f 65/240/66 62/239/66 61/238/66 66/237/66
o cube
v 0.296875 -0.1829724817336058 0.5002780221211409
v 0.296875 -0.19194077060805448 0.43842481044491155
v 0.296875 -0.24482569340983518 0.5092463109955898
v 0.296875 -0.25379398228428385 0.4473930993193602
v -0.140625 -0.19194077060805448 0.43842481044491155
v -0.140625 -0.1829724817336058 0.5002780221211409
v -0.140625 -0.25379398228428385 0.4473930993193602
v -0.140625 -0.24482569340983518 0.5092463109955898
vt 0 1
vt 0.0068359375 1
vt 0.0068359375 0.9990234375
vt 0 0.9990234375
vt 0 1
vt 0.0009765625 1
vt 0.0009765625 0.9990234375
vt 0 0.9990234375
vt 0 1
vt 0.0068359375 1
vt 0.0068359375 0.9990234375
vt 0 0.9990234375
vt 0 1
vt 0.0009765625 1
vt 0.0009765625 0.9990234375
vt 0 0.9990234375
vt 0 1
vt 0.0068359375 1
vt 0.0068359375 0.9990234375
vt 0 0.9990234375
vt 0 1
vt 0.0068359375 1
vt 0.0068359375 0.9990234375
vt 0 0.9990234375
vn 0 -0.14349262199117932 -0.9896513868196702
vn 1 0 0
vn 0 0.14349262199117932 0.9896513868196702
vn -1 0 0
vn 0 0.9896513868196702 -0.14349262199117932
vn 0 -0.9896513868196702 0.14349262199117932
usemtl m_b6958d40-007f-b834-3c7f-7d7dbd7a38d4
f 70/244/67 73/243/67 71/242/67 68/241/67
f 69/248/68 70/247/68 68/246/68 67/245/68
f 74/252/69 69/251/69 67/250/69 72/249/69
f 73/256/70 74/255/70 72/254/70 71/253/70
f 72/260/71 67/259/71 68/258/71 71/257/71
f 73/264/72 70/263/72 69/262/72 74/261/72
o cube
v 0.296875 0.5592660583811468 0.3926585556277564
v 0.296875 0.5502977695066982 0.33080534395152705
v 0.296875 0.4974128467049175 0.4016268445022052
v 0.296875 0.4884445578304688 0.3397736328259757
v -0.140625 0.5502977695066982 0.33080534395152705
v -0.140625 0.5592660583811468 0.3926585556277564
v -0.140625 0.4884445578304688 0.3397736328259757
v -0.140625 0.4974128467049175 0.4016268445022052
vt 0 1
vt 0.0068359375 1
vt 0.0068359375 0.9990234375
vt 0 0.9990234375
vt 0 1
vt 0.0009765625 1
vt 0.0009765625 0.9990234375
vt 0 0.9990234375
vt 0 1
vt 0.0068359375 1
vt 0.0068359375 0.9990234375
vt 0 0.9990234375
vt 0 1
vt 0.0009765625 1
vt 0.0009765625 0.9990234375
vt 0 0.9990234375
vt 0 1
vt 0.0068359375 1
vt 0.0068359375 0.9990234375
vt 0 0.9990234375
vt 0 1
vt 0.0068359375 1
vt 0.0068359375 0.9990234375
vt 0 0.9990234375
vn 0 -0.14349262199117932 -0.9896513868196702
vn 1 0 0
vn 0 0.14349262199117932 0.9896513868196702
vn -1 0 0
vn 0 0.9896513868196702 -0.14349262199117932
vn 0 -0.9896513868196702 0.14349262199117932
usemtl m_b6958d40-007f-b834-3c7f-7d7dbd7a38d4
f 78/268/73 81/267/73 79/266/73 76/265/73
f 77/272/74 78/271/74 76/270/74 75/269/74
f 82/276/75 77/275/75 75/274/75 80/273/75
f 81/280/76 82/279/76 80/278/76 79/277/76
f 80/284/77 75/283/77 76/282/77 79/281/77
f 81/288/78 78/287/78 77/286/78 82/285/78
o cube
v 0.296875 0.9303853284385213 0.3388488223810645
v 0.296875 0.9214170395640726 0.27699561070483514
v 0.296875 0.8685321167622928 0.34781711125551307
v 0.296875 0.8595638278878441 0.2859638995792837
v -0.140625 0.9214170395640726 0.27699561070483514
v -0.140625 0.9303853284385213 0.3388488223810645
v -0.140625 0.8595638278878441 0.2859638995792837
v -0.140625 0.8685321167622928 0.34781711125551307
vt 0 1
vt 0.0068359375 1
vt 0.0068359375 0.9990234375
vt 0 0.9990234375
vt 0 1
vt 0.0009765625 1
vt 0.0009765625 0.9990234375
vt 0 0.9990234375
vt 0 1
vt 0.0068359375 1
vt 0.0068359375 0.9990234375
vt 0 0.9990234375
vt 0 1
vt 0.0009765625 1
vt 0.0009765625 0.9990234375
vt 0 0.9990234375
vt 0 1
vt 0.0068359375 1
vt 0.0068359375 0.9990234375
vt 0 0.9990234375
vt 0 1
vt 0.0068359375 1
vt 0.0068359375 0.9990234375
vt 0 0.9990234375
vn 0 -0.14349262199117932 -0.9896513868196702
vn 1 0 0
vn 0 0.14349262199117932 0.9896513868196702
vn -1 0 0
vn 0 0.9896513868196702 -0.14349262199117932
vn 0 -0.9896513868196702 0.14349262199117932
usemtl m_b6958d40-007f-b834-3c7f-7d7dbd7a38d4
f 86/292/79 89/291/79 87/290/79 84/289/79
f 85/296/80 86/295/80 84/294/80 83/293/80
f 90/300/81 85/299/81 83/298/81 88/297/81
f 89/304/82 90/303/82 88/302/82 87/301/82
f 88/308/83 83/307/83 84/306/83 87/305/83
f 89/312/84 86/311/84 85/310/84 90/309/84
o cube
v 0.296875 1.3015045984958995 0.2850390891343719
v 0.296875 1.2925363096214508 0.22318587745814256
v 0.296875 1.2396513868196704 0.2940073780088207
v 0.296875 1.2306830979452217 0.23215416633259123
v -0.140625 1.2925363096214508 0.22318587745814256
v -0.140625 1.3015045984958995 0.2850390891343719
v -0.140625 1.2306830979452217 0.23215416633259123
v -0.140625 1.2396513868196704 0.2940073780088207
vt 0 1
vt 0.0068359375 1
vt 0.0068359375 0.9990234375
vt 0 0.9990234375
vt 0 1
vt 0.0009765625 1
vt 0.0009765625 0.9990234375
vt 0 0.9990234375
vt 0 1
vt 0.0068359375 1
vt 0.0068359375 0.9990234375
vt 0 0.9990234375
vt 0 1
vt 0.0009765625 1
vt 0.0009765625 0.9990234375
vt 0 0.9990234375
vt 0 1
vt 0.0068359375 1
vt 0.0068359375 0.9990234375
vt 0 0.9990234375
vt 0 1
vt 0.0068359375 1
vt 0.0068359375 0.9990234375
vt 0 0.9990234375
vn 0 -0.14349262199117932 -0.9896513868196702
vn 1 0 0
vn 0 0.14349262199117932 0.9896513868196702
vn -1 0 0
vn 0 0.9896513868196702 -0.14349262199117932
vn 0 -0.9896513868196702 0.14349262199117932
usemtl m_b6958d40-007f-b834-3c7f-7d7dbd7a38d4
f 94/316/85 97/315/85 95/314/85 92/313/85
f 93/320/86 94/319/86 92/318/86 91/317/86
f 98/324/87 93/323/87 91/322/87 96/321/87
f 97/328/88 98/327/88 96/326/88 95/325/88
f 96/332/89 91/331/89 92/330/89 95/329/89
f 97/336/90 94/335/90 93/334/90 98/333/90
o cube
v 0.296875 1.6726238685532762 0.23122935588767968
v 0.296875 1.663655579678827 0.1693761442114503
v 0.296875 1.6107706568770466 0.24019764476212846
v 0.296875 1.601802368002598 0.17834443308589898
v -0.140625 1.663655579678827 0.1693761442114503
v -0.140625 1.6726238685532762 0.23122935588767968
v -0.140625 1.601802368002598 0.17834443308589898
v -0.140625 1.6107706568770466 0.24019764476212846
vt 0 1
vt 0.0068359375 1
vt 0.0068359375 0.9990234375
vt 0 0.9990234375
vt 0 1
vt 0.0009765625 1
vt 0.0009765625 0.9990234375
vt 0 0.9990234375
vt 0 1
vt 0.0068359375 1
vt 0.0068359375 0.9990234375
vt 0 0.9990234375
vt 0 1
vt 0.0009765625 1
vt 0.0009765625 0.9990234375
vt 0 0.9990234375
vt 0 1
vt 0.0068359375 1
vt 0.0068359375 0.9990234375
vt 0 0.9990234375
vt 0 1
vt 0.0068359375 1
vt 0.0068359375 0.9990234375
vt 0 0.9990234375
vn 0 -0.14349262199117932 -0.9896513868196702
vn 1 0 0
vn 0 0.14349262199117932 0.9896513868196702
vn -1 0 0
vn 0 0.9896513868196702 -0.14349262199117932
vn 0 -0.9896513868196702 0.14349262199117932
usemtl m_b6958d40-007f-b834-3c7f-7d7dbd7a38d4
f 102/340/91 105/339/91 103/338/91 100/337/91
f 101/344/92 102/343/92 100/342/92 99/341/92
f 106/348/93 101/347/93 99/346/93 104/345/93
f 105/352/94 106/351/94 104/350/94 103/349/94
f 104/356/95 99/355/95 100/354/95 103/353/95
f 105/360/96 102/359/96 101/358/96 106/357/96