# Made in Blockbench 4.10.4
mtllib track2.mtl

o cube
v -1.596135 0.881733 0.526549
v -1.599465 0.872835 -0.426053
v -1.599461 1.048472 -0.427693
v -1.59613 1.05737 0.524909
v -1.715215 0.88174 0.526966
v -1.715211 1.057377 0.525325
v -1.718545 0.872842 -0.425636
v -1.718541 1.048479 -0.427277
vt 0 0.328125
vt 1 0.328125
vt 1 0.5
vt 0 0.5
vt 0.875 0.828125
vt 1 0.828125
vt 1 1
vt 0.875 1
vt 0 0.828125
vt 1 0.828125
vt 1 1
vt 0 1
vt 0 0.828125
vt 0.125 0.828125
vt 0.125 1
vt 0 1
vt 0 0.0625
vt 1 0.0625
vt 1 0.1875
vt 0 0.1875
vt 0 0
vt 1 0
vt 1 0.125
vt 0 0.125
vn 0.9999938904104111 -0.00005540985732065275 -0.003495149724812737
vn 0.003502222235394222 0.009336876305957191 0.9999502773539598
vn -0.9999938904099578 0.000055429755432781326 0.0034951495389484526
vn -0.0035022223843576327 -0.009342589025587423 -0.9999502239955096
vn 0.00002615095270788045 0.9999563770214183 -0.00934041596113505
vn -0.000026072735113932827 -0.9999563770260144 0.009340415687753508
usemtl m_dda2d640-ad15-89ea-37ae-c9eac155774c
f 1/1/1 2/2/1 3/3/1 4/4/1
f 5/5/2 1/6/2 4/7/2 6/8/2
f 7/9/3 5/10/3 6/11/3 8/12/3
f 2/13/4 7/14/4 8/15/4 3/16/4
f 8/17/5 6/18/5 4/19/5 3/20/5
f 2/21/6 1/22/6 5/23/6 7/24/6
o cube.001
v -1.715215 0.7946611517545823 0.526966
v -1.718545 0.779092 -0.425636
v -1.718542 0.9822346106490514 -0.426721
v -1.715213 0.9978037624036339 0.525881
v -2.548778 0.7947433893509485 0.52988
v -2.548775 0.997886 0.528795
v -2.552108 0.7791742375963662 -0.422722
v -2.552105 0.9823168482454175 -0.423807
vt 0 0.828125
vt 1 0.828125
vt 1 0.953125
vt 0 0.953125
vt 0 0.828125
vt 0.875 0.828125
vt 0.875 0.953125
vt 0 0.953125
vt 0 0.828125
vt 1 0.828125
vt 1 0.953125
vt 0 0.953125
vt 0.125 0.828125
vt 1 0.828125
vt 1 0.953125
vt 0.125 0.953125
vt 0 0
vt 1 0
vt 1 0.875
vt 0 0.875
vt 0 0.125
vt 1 0.125
vt 1 1
vt 0 1
vn 0.9999938914875577 -0.00003343556408968392 -0.003495120832501202
vn 0.003496292245010284 0.005340932151345486 0.9999796249845756
vn -0.9999938914875577 0.000033435564089683886 0.0034951208325012017
vn -0.0034962922436337545 -0.005340914940813002 -0.9999796250765023
vn 0.000041516614085786894 0.9998664633586954 -0.016341778573500946
vn -0.000041516564280183235 -0.9998664633587003 0.01634177857332669
usemtl m_26cbd04a-d26d-5089-a5da-8ad6569bf4c4
f 9/25/7 10/26/7 11/27/7 12/28/7
f 13/29/8 9/30/8 12/31/8 14/32/8
f 15/33/9 13/34/9 14/35/9 16/36/9
f 10/37/10 15/38/10 16/39/10 11/40/10
f 16/41/11 14/42/11 12/43/11 11/44/11
f 10/45/12 9/46/12 13/47/12 15/48/12
o cube.002
v -1.896831 0.107757 0.53483
v -1.900162 0.098859 -0.417772
v -1.900143 0.872852 -0.425001
v -1.896813 0.88175 0.527601
v -2.548797 0.107794 0.537109
v -2.548778 0.881787 0.52988
v -2.552126 0.098896 -0.415493
v -2.552108 0.872889 -0.422722
vt 0 0
vt 1 0
vt 1 0.828125
vt 0 0.828125
vt 0 0
vt 0.65625 0
vt 0.65625 0.828125
vt 0 0.828125
vt 0 0
vt 1 0
vt 1 0.828125
vt 0 0.828125
vt 0.34375 0
vt 1 0
vt 1 0.828125
vt 0.34375 0.828125
vt 0 0.34375
vt 1 0.34375
vt 1 1
vt 0 1
vt 0 0
vt 1 0
vt 1 0.65625
vt 0 0.65625
vn 0.9999938866984723 -0.00005720179479316834 -0.003496182723763456
vn 0.0034959372654893074 0.009339332037012675 0.9999502764136518
vn -0.9999938940369402 0.00005718218785126472 0.003494083432683732
vn -0.0034959479896844014 -0.009339332036413071 -0.9999502763761642
vn -0.00002409879390558494 -0.9999563771397425 0.009340408813829837
vn 0.00002409883095682904 0.9999563771399766 -0.009340408788663641
usemtl m_26cbd04a-d26d-5089-a5da-8ad6569bf4c4
f 17/49/13 18/50/13 19/51/13 20/52/13
f 21/53/14 17/54/14 20/55/14 22/56/14
f 23/57/15 21/58/15 22/59/15 24/60/15
f 18/61/16 23/62/16 24/63/16 19/64/16
f 18/65/17 17/66/17 21/67/17 23/68/17
f 24/69/18 22/70/18 20/71/18 19/72/18
o cube.005
v -2.403254 1.033633 -0.424744
v -2.102223 1.042514 0.526817
v -2.105553 1.033616 -0.425785
v -2.105553 1.042547 -0.425869
v -2.102222 1.051445 0.526733
v -2.399924 1.042531 0.527858
v -2.399923 1.051462 0.527774
v -2.403254 1.042564 -0.424828
vt 0 0.953125
vt 1 0.953125
vt 1 1
vt 0 1
vt 0 0.953125
vt 0.265625 0.953125
vt 0.265625 1
vt 0 1
vt 0 0.953125
vt 1 0.953125
vt 1 1
vt 0 1
vt 0.734375 0.953125
vt 1 0.953125
vt 1 1
vt 0.734375 1
vt 0 0.171875
vt 1 0.171875
vt 1 0.4375
vt 0 0.4375
vt 0 0.734375
vt 1 0.734375
vt 1 1
vt 0 1
vn 0.9999938906694291 -0.000032875406782485266 -0.003495360213982024
vn 0.003497158136970452 0.00940457668076887 0.999949660644185
vn -0.9999938843761861 0.00014483443009598676 0.00349431441274925
vn -0.0034971581464517047 -0.009404968221335618 -0.9999496569616165
vn 0.000024440265880793327 0.9999563771203032 -0.009340410007686274
vn -0.000024440265971253166 -0.9999563771205429 0.009340409982032503
usemtl m_16489577-58af-1805-6b40-f27c502bef62
f 26/73/19 27/74/19 28/75/19 29/76/19
f 30/77/20 26/78/20 29/79/20 31/80/20
f 25/81/21 30/82/21 31/83/21 32/84/21
f 27/85/22 25/86/22 32/87/22 28/88/22
f 32/89/23 31/90/23 29/91/23 28/92/23
f 27/93/24 26/94/24 30/95/24 25/96/24
o cube.006
v -2.117264 1.000422 0.482605
v -2.117441 0.999949 0.431998
v -2.11744 1.059487 0.431442
v -2.117263 1.05996 0.482049
v -2.167874 1.000425 0.482782
v -2.167872 1.059963 0.482226
v -2.168051 0.999952 0.432175
v -2.168049 1.05949 0.431619
vt 0.046875 0.96875
vt 0.1 0.96875
vt 0.1 1
vt 0.046875 1
vt 0.196875 0.96875
vt 0.25 0.96875
vt 0.25 1
vt 0.196875 1
vt 0.9 0.96875
vt 0.953125 0.96875
vt 0.953125 1
vt 0.9 1
vt 0.75 0.96875
vt 0.803125 0.96875
vt 0.803125 1
vt 0.75 1
vt 0.9 0.19687500000000002
vt 0.953125 0.19687500000000002
vt 0.953125 0.25
vt 0.9 0.25
vt 0.9 0.75
vt 0.953125 0.75
vt 0.953125 0.803125
vt 0.9 0.803125
vn 0.9999938840572443 -0.000049453410642433674 -0.003497056257331397
vn 0.0034977121931769814 0.009338050642891579 0.9999502821738713
vn -0.9999938836345982 0.00006624783785527892 0.0034968992861923068
vn -0.0034977121916134196 -0.009337991900455065 -0.999950282722442
vn 0.00002658792722400844 0.9999563227986401 -0.009346217850234572
vn -0.000026587401881152225 -0.9999563227986712 0.009346217848397455
usemtl m_16489577-58af-1805-6b40-f27c502bef62
f 33/97/25 34/98/25 35/99/25 36/100/25
f 37/101/26 33/102/26 36/103/26 38/104/26
f 39/105/27 37/106/27 38/107/27 40/108/27
f 34/109/28 39/110/28 40/111/28 35/112/28
f 40/113/29 38/114/29 36/115/29 35/116/29
f 34/117/30 33/118/30 37/119/30 39/120/30
o cube.007
v -2.117681 0.999309 0.363529
v -2.117858 0.998837 0.312923
v -2.117857 1.058375 0.312367
v -2.11768 1.058847 0.362973
v -2.16829 0.999312 0.363706
v -2.168289 1.05885 0.36315
v -2.168467 0.99884 0.3131
v -2.168466 1.058378 0.312544
vt 0.171875 0.96875
vt 0.225 0.96875
vt 0.225 1
vt 0.171875 1
vt 0.196875 0.96875
vt 0.25 0.96875
vt 0.25 1
vt 0.196875 1
vt 0.775 0.96875
vt 0.828125 0.96875
vt 0.828125 1
vt 0.775 1
vt 0.75 0.96875
vt 0.803125 0.96875
vt 0.803125 1
vt 0.75 1
vt 0.775 0.19687500000000002
vt 0.828125 0.19687500000000002
vt 0.828125 0.25
vt 0.775 0.25
vt 0.775 0.75
vt 0.828125 0.75
vt 0.828125 0.803125
vt 0.775 0.803125
vn 0.9999938838121559 -0.00004945406503561678 -0.0034971263311845747
vn 0.003497781304785585 0.009338050639473506 0.9999502819321562
vn -0.9999938838121557 0.00004945406502824066 0.0034971263311934174
vn -0.0034977813047855546 -0.009338050639473508 -0.9999502819321562
vn 0.000026656392733365645 0.999956505546844 -0.009326644840525871
vn -0.000026656392733364557 -0.999956505546844 0.009326644840525871
usemtl m_16489577-58af-1805-6b40-f27c502bef62
f 41/121/31 42/122/31 43/123/31 44/124/31
f 45/125/32 41/126/32 44/127/32 46/128/32
f 47/129/33 45/130/33 46/131/33 48/132/33
f 42/133/34 47/134/34 48/135/34 43/136/34
f 48/137/35 46/138/35 44/139/35 43/140/35
f 42/141/36 41/142/36 45/143/36 47/144/36
o cube.008
v -2.118514 0.997085 0.12538
v -2.11869 0.996612 0.074773
v -2.118689 1.05615 0.074216
v -2.118513 1.056623 0.124824
v -2.169122 0.997088 0.125556
v -2.169121 1.056626 0.125
v -2.1693 0.996615 0.07495
v -2.169298 1.056153 0.074393
vt 0.421875 0.96875
vt 0.475 0.96875
vt 0.475 1
vt 0.421875 1
vt 0.196875 0.96875
vt 0.25 0.96875
vt 0.25 1
vt 0.196875 1
vt 0.525 0.96875
vt 0.578125 0.96875
vt 0.578125 1
vt 0.525 1
vt 0.75 0.96875
vt 0.803125 0.96875
vt 0.803125 1
vt 0.75 1
vt 0.525 0.19687500000000002
vt 0.578125 0.19687500000000002
vt 0.578125 0.25
vt 0.525 0.25
vt 0.525 0.75
vt 0.578125 0.75
vt 0.578125 0.803125
vt 0.525 0.803125
vn 0.9999939529655328 -0.000049327299594557425 -0.003477297684300623
vn 0.0034780919194744376 0.009338051611452843 0.9999503506018196
vn -0.999993814513159 0.00004963857014671822 0.003516883767522237
vn -0.0034977126381150136 -0.00935478559271347 -0.9999501257526875
vn 0.000026773129005496175 0.9999563227876452 -0.00934621849788681
vn -0.000026773130845467673 -0.9999563227925896 0.009346217968895005
usemtl m_16489577-58af-1805-6b40-f27c502bef62
f 49/145/37 50/146/37 51/147/37 52/148/37
f 53/149/38 49/150/38 52/151/38 54/152/38
f 55/153/39 53/154/39 54/155/39 56/156/39
f 50/157/40 55/158/40 56/159/40 51/160/40
f 56/161/41 54/162/41 52/163/41 51/164/41
f 50/165/42 49/166/42 53/167/42 55/168/42
o cube.009
v -2.118098 0.998197 0.244455
v -2.118274 0.997724 0.193847
v -2.118273 1.057262 0.193291
v -2.118096 1.057735 0.243898
v -2.168707 0.9982 0.244631
v -2.168705 1.057738 0.244075
v -2.168884 0.997727 0.194024
v -2.168883 1.057265 0.193468
vt 0.296875 0.96875
vt 0.35 0.96875
vt 0.35 1
vt 0.296875 1
vt 0.196875 0.96875
vt 0.25 0.96875
vt 0.25 1
vt 0.196875 1
vt 0.65 0.96875
vt 0.703125 0.96875
vt 0.703125 1
vt 0.65 1
vt 0.75 0.96875
vt 0.803125 0.96875
vt 0.803125 1
vt 0.75 1
vt 0.65 0.19687500000000002
vt 0.703125 0.19687500000000002
vt 0.703125 0.25
vt 0.65 0.25
vt 0.65 0.75
vt 0.703125 0.75
vt 0.703125 0.803125
vt 0.65 0.803125
vn 0.9999939532054475 -0.000049268258424704775 -0.0034772295265195195
vn 0.003478023643580782 0.009354786896481605 0.9999501944165301
vn -0.9999938836345982 0.00006624783785519689 0.0034968992861835343
vn -0.0034977121931775296 -0.009338050642891641 -0.9999502821738713
vn 0.000026587925386418265 0.9999563227937303 -0.009346218375567036
vn -0.000026773244117497375 -0.9999563245185376 0.00934603330675345
usemtl m_16489577-58af-1805-6b40-f27c502bef62
f 57/169/43 58/170/43 59/171/43 60/172/43
f 61/173/44 57/174/44 60/175/44 62/176/44
f 63/177/45 61/178/45 62/179/45 64/180/45
f 58/181/46 63/182/46 64/183/46 59/184/46
f 64/185/47 62/186/47 60/187/47 59/188/47
f 58/189/48 57/190/48 61/191/48 63/192/48
o cube.010
v -2.120178 0.992636 -0.350921
v -2.120356 0.992163 -0.401528
v -2.120354 1.051701 -0.402085
v -2.120177 1.052174 -0.351477
v -2.170788 0.992639 -0.350744
v -2.170786 1.052177 -0.3513
v -2.170965 0.992166 -0.401351
v -2.170963 1.051704 -0.401908
vt 0.921875 0.96875
vt 0.975 0.96875
vt 0.975 1
vt 0.921875 1
vt 0.196875 0.96875
vt 0.25 0.96875
vt 0.25 1
vt 0.196875 1
vt 0.025 0.96875
vt 0.078125 0.96875
vt 0.078125 1
vt 0.025 1
vt 0.75 0.96875
vt 0.803125 0.96875
vt 0.803125 1
vt 0.75 1
vt 0.025 0.19687500000000002
vt 0.078125 0.19687500000000002
vt 0.078125 0.25
vt 0.025 0.25
vt 0.025 0.75
vt 0.078125 0.75
vt 0.078125 0.803125
vt 0.025 0.803125
vn 0.999993814332941 -0.00006649140788650866 -0.0035166567572735914
vn 0.003497712193177002 0.009338050642891596 0.9999502821738713
vn -0.9999938836345982 0.00006624783785519709 0.0034968992861835325
vn -0.0034977817497321042 -0.009354785588130157 -0.9999501255109835
vn 0.00002658857315746424 0.9999563245245564 -0.009346033189960279
vn -0.000026587400045843702 -0.9999563227937613 0.009346218373715156
usemtl m_16489577-58af-1805-6b40-f27c502bef62
f 65/193/49 66/194/49 67/195/49 68/196/49
f 69/197/50 65/198/50 68/199/50 70/200/50
f 71/201/51 69/202/51 70/203/51 72/204/51
f 66/205/52 71/206/52 72/207/52 67/208/52
f 72/209/53 70/210/53 68/211/53 67/212/53
f 66/213/54 65/214/54 69/215/54 71/216/54
o cube.011
v -2.119763 0.993748 -0.231846
v -2.11994 0.993276 -0.282454
v -2.119938 1.052814 -0.28301
v -2.119761 1.053286 -0.232403
v -2.170371 0.993751 -0.231669
v -2.17037 1.053289 -0.232226
v -2.170548 0.993278 -0.282277
v -2.170547 1.052816 -0.282833
vt 0.796875 0.96875
vt 0.85 0.96875
vt 0.85 1
vt 0.796875 1
vt 0.196875 0.96875
vt 0.25 0.96875
vt 0.25 1
vt 0.196875 1
vt 0.15 0.96875
vt 0.203125 0.96875
vt 0.203125 1
vt 0.15 1
vt 0.75 0.96875
vt 0.803125 0.96875
vt 0.803125 1
vt 0.75 1
vt 0.15 0.19687500000000002
vt 0.203125 0.19687500000000002
vt 0.203125 0.25
vt 0.15 0.25
vt 0.15 0.75
vt 0.203125 0.75
vt 0.203125 0.803125
vt 0.15 0.803125
vn 0.999993883871666 -0.00006624720488363505 -0.0034968315042067594
vn 0.003497850864080661 0.009354785583547565 0.9999501252692649
vn -0.9999938842979142 0.00004951149565381525 0.003496986614440452
vn -0.0034976659041001936 -0.009338050645180902 -0.9999502823357627
vn 0.00002658792722400315 0.9999563227986401 -0.009346217850234572
vn -0.0000266582086390083 -0.9999565089841693 0.009326276295118837
usemtl m_16489577-58af-1805-6b40-f27c502bef62
f 73/217/55 74/218/55 75/219/55 76/220/55
f 77/221/56 73/222/56 76/223/56 78/224/56
f 79/225/57 77/226/57 78/227/57 80/228/57
f 74/229/58 79/230/58 80/231/58 75/232/58
f 80/233/59 78/234/59 76/235/59 75/236/59
f 74/237/60 73/238/60 77/239/60 79/240/60
o cube.012
v -2.119346 0.99486 -0.112771
v -2.119524 0.994388 -0.163378
v -2.119522 1.053926 -0.163934
v -2.119345 1.054398 -0.113327
v -2.169956 0.994863 -0.112594
v -2.169954 1.054401 -0.11315
v -2.170132 0.994391 -0.163201
v -2.17013 1.053929 -0.163757
vt 0.671875 0.96875
vt 0.725 0.96875
vt 0.725 1
vt 0.671875 1
vt 0.196875 0.96875
vt 0.25 0.96875
vt 0.25 1
vt 0.196875 1
vt 0.275 0.96875
vt 0.328125 0.96875
vt 0.328125 1
vt 0.275 1
vt 0.75 0.96875
vt 0.803125 0.96875
vt 0.803125 1
vt 0.75 1
vt 0.275 0.19687500000000002
vt 0.328125 0.19687500000000002
vt 0.328125 0.25
vt 0.275 0.25
vt 0.275 0.75
vt 0.328125 0.75
vt 0.328125 0.803125
vt 0.275 0.803125
vn 0.9999938143303083 -0.00006643235954686523 -0.003516658621872473
vn 0.003497712193177276 0.009338050642891596 0.9999502821738713
vn -0.9999939525393257 0.00006606334056656176 0.0034771425642766782
vn -0.0034978504175617064 -0.009337991891297337 -0.9999502822390194
vn 0.000026657039169202183 0.9999565072704857 -0.009326460036567884
vn -0.000026656508778393636 -0.9999565072606922 0.009326461088100979
usemtl m_16489577-58af-1805-6b40-f27c502bef62
f 81/241/61 82/242/61 83/243/61 84/244/61
f 85/245/62 81/246/62 84/247/62 86/248/62
f 87/249/63 85/250/63 86/251/63 88/252/63
f 82/253/64 87/254/64 88/255/64 83/256/64
f 88/257/65 86/258/65 84/259/65 83/260/65
f 82/261/66 81/262/66 85/263/66 87/264/66
o cube.013
v -2.11893 0.995973 0.006304
v -2.119107 0.9955 -0.044303
v -2.119105 1.055038 -0.044859
v -2.118928 1.055511 0.005748
v -2.169539 0.995975 0.006481
v -2.169538 1.055514 0.005925
v -2.169716 0.995503 -0.044126
v -2.169715 1.055041 -0.044682
vt 0.546875 0.96875
vt 0.6 0.96875
vt 0.6 1
vt 0.546875 1
vt 0.196875 0.96875
vt 0.25 0.96875
vt 0.25 1
vt 0.196875 1
vt 0.4 0.96875
vt 0.453125 0.96875
vt 0.453125 1
vt 0.4 1
vt 0.75 0.96875
vt 0.803125 0.96875
vt 0.803125 1
vt 0.75 1
vt 0.4 0.19687500000000002
vt 0.453125 0.19687500000000002
vt 0.453125 0.25
vt 0.4 0.25
vt 0.4 0.75
vt 0.453125 0.75
vt 0.453125 0.803125
vt 0.4 0.803125
vn 0.9999938836345982 -0.00006624783786265516 -0.0034968992861834636
vn 0.0034975967930036683 0.00933799190810032 0.9999502831260153
vn -0.9999938840538409 0.0000494525892341082 0.003497057242194304
vn -0.0034977813047859653 -0.00933805063947354 -0.9999502819321562
vn 0.000026587401881133482 0.9999563227986712 -0.009346217848401844
vn -0.000006829700608950988 -0.9999563237746038 0.009346148754171182
usemtl m_16489577-58af-1805-6b40-f27c502bef62
f 89/265/67 90/266/67 91/267/67 92/268/67
f 93/269/68 89/270/68 92/271/68 94/272/68
f 95/273/69 93/274/69 94/275/69 96/276/69
f 90/277/70 95/278/70 96/279/70 91/280/70
f 96/281/71 94/282/71 92/283/71 91/284/71
f 90/285/72 89/286/72 93/287/72 95/288/72
o cube.014
v -2.191585 1.000704 0.512633
v -2.191762 1.000231 0.462027
v -2.191761 1.059769 0.461471
v -2.191584 1.060242 0.512077
v -2.242195 1.000707 0.51281
v -2.242193 1.060245 0.512254
v -2.242372 1.000234 0.462204
v -2.24237 1.059772 0.461648
vt 0.015625 0.96875
vt 0.06875 0.96875
vt 0.06875 1
vt 0.015625 1
vt 0.11875 0.96875
vt 0.171875 0.96875
vt 0.171875 1
vt 0.11875 1
vt 0.93125 0.96875
vt 0.984375 0.96875
vt 0.984375 1
vt 0.93125 1
vt 0.828125 0.96875
vt 0.88125 0.96875
vt 0.88125 1
vt 0.828125 1
vt 0.93125 0.11875000000000002
vt 0.984375 0.11875000000000002
vt 0.984375 0.171875
vt 0.93125 0.171875
vt 0.93125 0.828125
vt 0.984375 0.828125
vt 0.984375 0.88125
vt 0.93125 0.88125
vn 0.9999938838155734 -0.00004945405591066308 -0.0034971253540534044
vn 0.003497712193176951 0.00933805064289164 0.9999502821738713
vn -0.9999938833929384 0.00006624848309032265 0.0034969683797952834
vn -0.00349771219161345 -0.009337991900455126 -0.999950282722442
vn 0.00002658728126939725 0.9999563210726216 -0.00934640251781019
vn -0.000026586755934930716 -0.9999563210726528 0.009346402515968681
usemtl m_16489577-58af-1805-6b40-f27c502bef62
f 97/289/73 98/290/73 99/291/73 100/292/73
f 101/293/74 97/294/74 100/295/74 102/296/74
f 103/297/75 101/298/75 102/299/75 104/300/75
f 98/301/76 103/302/76 104/303/76 99/304/76
f 104/305/77 102/306/77 100/307/77 99/308/77
f 98/309/78 97/310/78 101/311/78 103/312/78
o cube.015
v -2.192002 0.999592 0.393559
v -2.192179 0.999119 0.342951
v -2.192178 1.058657 0.342395
v -2.192 1.05913 0.393002
v -2.242611 0.999595 0.393736
v -2.24261 1.059133 0.39318
v -2.242788 0.999122 0.343129
v -2.242787 1.05866 0.342572
vt 0.140625 0.96875
vt 0.19375 0.96875
vt 0.19375 1
vt 0.140625 1
vt 0.11875 0.96875
vt 0.171875 0.96875
vt 0.171875 1
vt 0.11875 1
vt 0.80625 0.96875
vt 0.859375 0.96875
vt 0.859375 1
vt 0.80625 1
vt 0.828125 0.96875
vt 0.88125 0.96875
vt 0.88125 1
vt 0.828125 1
vt 0.80625 0.11875000000000002
vt 0.859375 0.11875000000000002
vt 0.859375 0.171875
vt 0.80625 0.171875
vt 0.80625 0.828125
vt 0.859375 0.828125
vt 0.859375 0.88125
vt 0.80625 0.88125
vn 0.999993884298901 -0.00004945276540724134 -0.003496987163348475
vn 0.003497781749732074 0.009354785588130174 0.9999501255109835
vn -0.9999938840572444 0.000049453410649891786 0.003497056257331332
vn -0.0035175398533457214 -0.009354843351542477 -0.9999500556624057
vn 0.00002640338236045851 0.9999563245355161 -0.009346032542367705
vn -0.000026588573157456304 -0.9999563245245564 0.009346033189962473
usemtl m_16489577-58af-1805-6b40-f27c502bef62
f 105/313/79 106/314/79 107/315/79 108/316/79
f 109/317/80 105/318/80 108/319/80 110/320/80
f 111/321/81 109/322/81 110/323/81 112/324/81
f 106/325/82 111/326/82 112/327/82 107/328/82
f 112/329/83 110/330/83 108/331/83 107/332/83
f 106/333/84 105/334/84 109/335/84 111/336/84
o cube.016
v -2.192419 0.998479 0.274484
v -2.192595 0.998007 0.223877
v -2.192594 1.057545 0.223321
v -2.192417 1.058017 0.273928
v -2.243028 0.998482 0.27466
v -2.243026 1.05802 0.274104
v -2.243205 0.99801 0.224054
v -2.243203 1.057548 0.223498
vt 0.265625 0.96875
vt 0.31875 0.96875
vt 0.31875 1
vt 0.265625 1
vt 0.11875 0.96875
vt 0.171875 0.96875
vt 0.171875 1
vt 0.11875 1
vt 0.68125 0.96875
vt 0.734375 0.96875
vt 0.734375 1
vt 0.68125 1
vt 0.828125 0.96875
vt 0.88125 0.96875
vt 0.88125 1
vt 0.828125 1
vt 0.68125 0.11875000000000002
vt 0.734375 0.11875000000000002
vt 0.734375 0.171875
vt 0.68125 0.171875
vt 0.68125 0.828125
vt 0.734375 0.828125
vt 0.734375 0.88125
vt 0.68125 0.88125
vn 0.9999939529631284 -0.000049268909097645656 -0.0034772992035913687
vn 0.003478023193969646 0.009337993203070301 0.9999503513863084
vn -0.9999938833883598 0.00006624849530673593 0.003496969688777431
vn -0.003497712191613968 -0.009337991900455082 -0.999950282722442
vn 0.0000268406787572503 0.9999565055359035 -0.009326645484984278
vn -0.0000268413215542415 -0.9999565072595794 0.009326460677359708
usemtl m_16489577-58af-1805-6b40-f27c502bef62
f 113/337/85 114/338/85 115/339/85 116/340/85
f 117/341/86 113/342/86 116/343/86 118/344/86
f 119/345/87 117/346/87 118/347/87 120/348/87
f 114/349/88 119/350/88 120/351/88 115/352/88
f 120/353/89 118/354/89 116/355/89 115/356/89
f 114/357/90 113/358/90 117/359/90 119/360/90
o cube.017
v -2.192835 0.997367 0.155408
v -2.193012 0.996894 0.104801
v -2.193011 1.056432 0.104245
v -2.192834 1.056905 0.154852
v -2.243443 0.99737 0.155585
v -2.243442 1.056908 0.155029
v -2.24362 0.996897 0.104978
v -2.243619 1.056435 0.104422
vt 0.390625 0.96875
vt 0.44375 0.96875
vt 0.44375 1
vt 0.390625 1
vt 0.11875 0.96875
vt 0.171875 0.96875
vt 0.171875 1
vt 0.11875 1
vt 0.55625 0.96875
vt 0.609375 0.96875
vt 0.609375 1
vt 0.55625 1
vt 0.828125 0.96875
vt 0.88125 0.96875
vt 0.88125 1
vt 0.828125 1
vt 0.55625 0.11875000000000002
vt 0.609375 0.11875000000000002
vt 0.609375 0.171875
vt 0.55625 0.171875
vt 0.55625 0.828125
vt 0.609375 0.828125
vt 0.609375 0.88125
vt 0.55625 0.88125
vn 0.9999938840572444 -0.00004945341064989175 -0.00349705625733133
vn 0.003497850419125909 0.009338050636055271 0.9999502816904268
vn -0.9999938840572444 0.00004945341064989183 0.0034970562573313295
vn -0.003497850419125655 -0.009338050636055271 -0.9999502816904268
vn 0.000026588452587620613 0.9999563227986091 -0.009346217852071766
vn -0.00002658845258761135 -0.9999563227986089 0.009346217852073959
usemtl m_16489577-58af-1805-6b40-f27c502bef62
f 121/361/91 122/362/91 123/363/91 124/364/91
f 125/365/92 121/366/92 124/367/92 126/368/92
f 127/369/93 125/370/93 126/371/93 128/372/93
f 122/373/94 127/374/94 128/375/94 123/376/94
f 128/377/95 126/378/95 124/379/95 123/380/95
f 122/381/96 121/382/96 125/383/96 127/384/96
o cube.018
v -2.193251 0.996255 0.036333
v -2.193428 0.995782 -0.014274
v -2.193426 1.05532 -0.01483
v -2.193249 1.055793 0.035777
v -2.24386 0.996258 0.03651
v -2.243859 1.055796 0.035954
v -2.244037 0.995785 -0.014097
v -2.244036 1.055323 -0.014653
vt 0.515625 0.96875
vt 0.56875 0.96875
vt 0.56875 1
vt 0.515625 1
vt 0.11875 0.96875
vt 0.171875 0.96875
vt 0.171875 1
vt 0.11875 1
vt 0.43125 0.96875
vt 0.484375 0.96875
vt 0.484375 1
vt 0.43125 1
vt 0.828125 0.96875
vt 0.88125 0.96875
vt 0.88125 1
vt 0.828125 1
vt 0.43125 0.11875000000000002
vt 0.484375 0.11875000000000002
vt 0.484375 0.171875
vt 0.43125 0.171875
vt 0.43125 0.828125
vt 0.484375 0.828125
vt 0.484375 0.88125
vt 0.43125 0.88125
vn 0.9999938836345982 -0.00006624783785519686 -0.0034968992861835334
vn 0.0034977813032223736 0.009337991895876198 0.9999502824807379
vn -0.9999938840572444 0.00004945341064989183 0.0034970562573313295
vn -0.0034977813047859176 -0.009338050639473496 -0.9999502819321562
vn 0.000026587401881149356 0.9999563227986712 -0.009346217848397459
vn -0.00002658792722399654 -0.9999563227986401 0.009346217850236767
usemtl m_16489577-58af-1805-6b40-f27c502bef62
f 129/385/97 130/386/97 131/387/97 132/388/97
f 133/389/98 129/390/98 132/391/98 134/392/98
f 135/393/99 133/394/99 134/395/99 136/396/99
f 130/397/100 135/398/100 136/399/100 131/400/100
f 136/401/101 134/402/101 132/403/101 131/404/101
f 130/405/102 129/406/102 133/407/102 135/408/102
o cube.019
v -2.193667 0.995143 -0.082742
v -2.193844 0.99467 -0.133349
v -2.193843 1.054208 -0.133906
v -2.193666 1.054681 -0.083298
v -2.244277 0.995146 -0.082565
v -2.244275 1.054684 -0.083121
v -2.244454 0.994673 -0.133172
v -2.244452 1.054211 -0.133729
vt 0.640625 0.96875
vt 0.69375 0.96875
vt 0.69375 1
vt 0.640625 1
vt 0.11875 0.96875
vt 0.171875 0.96875
vt 0.171875 1
vt 0.11875 1
vt 0.30625 0.96875
vt 0.359375 0.96875
vt 0.359375 1
vt 0.30625 1
vt 0.828125 0.96875
vt 0.88125 0.96875
vt 0.88125 1
vt 0.828125 1
vt 0.30625 0.11875000000000002
vt 0.359375 0.11875000000000002
vt 0.359375 0.171875
vt 0.30625 0.171875
vt 0.30625 0.828125
vt 0.359375 0.828125
vt 0.359375 0.88125
vt 0.30625 0.88125
vn 0.9999938840562578 -0.00004951214204922598 -0.003497055708392911
vn 0.0034977121931772555 0.009338050642891596 0.9999502821738713
vn -0.9999938836345982 0.00006624783785527906 0.0034968992861923068
vn -0.0034977126381147087 -0.00935478559271296 -0.9999501257526875
vn 0.000026588573157461593 0.9999563245245564 -0.009346033189960279
vn -0.000026587401881149586 -0.9999563227986712 0.009346217848397457
usemtl m_16489577-58af-1805-6b40-f27c502bef62
f 137/409/103 138/410/103 139/411/103 140/412/103
f 141/413/104 137/414/104 140/415/104 142/416/104
f 143/417/105 141/418/105 142/419/105 144/420/105
f 138/421/106 143/422/106 144/423/106 139/424/106
f 144/425/107 142/426/107 140/427/107 139/428/107
f 138/429/108 137/430/108 141/431/108 143/432/108
o cube.020
v -2.194084 0.99403 -0.201817
v -2.194261 0.993558 -0.252424
v -2.194259 1.053096 -0.25298
v -2.194082 1.053568 -0.202373
v -2.244693 0.994033 -0.20164
v -2.244692 1.053571 -0.202196
v -2.244869 0.993561 -0.252247
v -2.244868 1.053099 -0.252803
vt 0.765625 0.96875
vt 0.81875 0.96875
vt 0.81875 1
vt 0.765625 1
vt 0.11875 0.96875
vt 0.171875 0.96875
vt 0.171875 1
vt 0.11875 1
vt 0.18125 0.96875
vt 0.234375 0.96875
vt 0.234375 1
vt 0.18125 1
vt 0.828125 0.96875
vt 0.88125 0.96875
vt 0.88125 1
vt 0.828125 1
vt 0.18125 0.11875000000000002
vt 0.234375 0.11875000000000002
vt 0.234375 0.171875
vt 0.18125 0.171875
vt 0.18125 0.828125
vt 0.234375 0.828125
vt 0.234375 0.88125
vt 0.18125 0.88125
vn 0.9999938836300202 -0.00006624785007862632 -0.0034969005951182297
vn 0.003497781303222013 0.009337991895876295 0.9999502824807379
vn -0.9999939529631284 0.000049268909097726084 0.0034772992036001455
vn -0.0034978504191253606 -0.009338050636055271 -0.9999502816904268
vn 0.000026656512460745873 0.9999565072705168 -0.009326460034736398
vn -0.0000266570373290565 -0.9999565072655732 0.009326460563259528
usemtl m_16489577-58af-1805-6b40-f27c502bef62
f 145/433/109 146/434/109 147/435/109 148/436/109
f 149/437/110 145/438/110 148/439/110 150/440/110
f 151/441/111 149/442/111 150/443/111 152/444/111
f 146/445/112 151/446/112 152/447/112 147/448/112
f 152/449/113 150/450/113 148/451/113 147/452/113
f 146/453/114 145/454/114 149/455/114 151/456/114
o cube.021
v -2.194499 0.992918 -0.320893
v -2.194677 0.992446 -0.3715
v -2.194675 1.051983 -0.372056
v -2.194498 1.052456 -0.321449
v -2.245109 0.992921 -0.320716
v -2.245108 1.052459 -0.321272
v -2.245286 0.992448 -0.371323
v -2.245285 1.051986 -0.371879
vt 0.890625 0.96875
vt 0.94375 0.96875
vt 0.94375 1
vt 0.890625 1
vt 0.11875 0.96875
vt 0.171875 0.96875
vt 0.171875 1
vt 0.11875 1
vt 0.05625 0.96875
vt 0.109375 0.96875
vt 0.109375 1
vt 0.05625 1
vt 0.828125 0.96875
vt 0.88125 0.96875
vt 0.88125 1
vt 0.828125 1
vt 0.05625 0.11875000000000002
vt 0.109375 0.11875000000000002
vt 0.109375 0.171875
vt 0.05625 0.171875
vt 0.05625 0.828125
vt 0.109375 0.828125
vt 0.109375 0.88125
vt 0.05625 0.88125
vn 0.9999938143302707 -0.00006643347525860122 -0.00351665861146635
vn 0.0034977121931770018 0.009338050642891579 0.9999502821738713
vn -0.9999938840572442 0.00004945341064251528 0.0034970562573401714
vn -0.003497596793406124 -0.009338050648598837 -0.9999502825774664
vn 0.000026587401881152 0.9999563227986712 -0.009346217848397457
vn -0.00002665650877839627 -0.9999565072606922 0.009326461088100976
usemtl m_16489577-58af-1805-6b40-f27c502bef62
f 153/457/115 154/458/115 155/459/115 156/460/115
f 157/461/116 153/462/116 156/463/116 158/464/116
f 159/465/117 157/466/117 158/467/117 160/468/117
f 154/469/118 159/470/118 160/471/118 155/472/118
f 160/473/119 158/474/119 156/475/119 155/476/119
f 154/477/120 153/478/120 157/479/120 159/480/120
o cube.022
v -2.266115 1.00043 0.483125
v -2.266292 0.999957 0.432518
v -2.266291 1.059495 0.431962
v -2.266114 1.059968 0.482569
v -2.316725 1.000433 0.483302
v -2.316723 1.059971 0.482746
v -2.316902 0.99996 0.432695
v -2.3169 1.059498 0.432139
vt 0.046875 0.96875
vt 0.1 0.96875
vt 0.1 1
vt 0.046875 1
vt 0.040625 0.96875
vt 0.09375 0.96875
vt 0.09375 1
vt 0.040625 1
vt 0.9 0.96875
vt 0.953125 0.96875
vt 0.953125 1
vt 0.9 1
vt 0.90625 0.96875
vt 0.959375 0.96875
vt 0.959375 1
vt 0.90625 1
vt 0.9 0.04062500000000002
vt 0.953125 0.04062500000000002
vt 0.953125 0.09375
vt 0.9 0.09375
vt 0.9 0.90625
vt 0.953125 0.90625
vt 0.953125 0.959375
vt 0.9 0.959375
vn 0.9999938840572443 -0.00004945341064989172 -0.003497056257331328
vn 0.0034977121931769814 0.009338050642891579 0.9999502821738713
vn -0.9999938836345982 0.00006624783785519685 0.003496899286183532
vn -0.0034977121916134504 -0.009337991900455091 -0.999950282722442
vn 0.00002658792722400844 0.9999563227986401 -0.009346217850234572
vn -0.000026587401881152225 -0.9999563227986712 0.009346217848397455
usemtl m_16489577-58af-1805-6b40-f27c502bef62
f 161/481/121 162/482/121 163/483/121 164/484/121
f 165/485/122 161/486/122 164/487/122 166/488/122
f 167/489/123 165/490/123 166/491/123 168/492/123
f 162/493/124 167/494/124 168/495/124 163/496/124
f 168/497/125 166/498/125 164/499/125 163/500/125
f 162/501/126 161/502/126 165/503/126 167/504/126
o cube.023
v -2.266532 0.999318 0.36405
v -2.266709 0.998845 0.313443
v -2.266707 1.058383 0.312887
v -2.26653 1.058856 0.363494
v -2.31714 0.999321 0.364227
v -2.317139 1.058859 0.363671
v -2.317317 0.998848 0.31362
v -2.317316 1.058386 0.313063
vt 0.171875 0.96875
vt 0.225 0.96875
vt 0.225 1
vt 0.171875 1
vt 0.040625 0.96875
vt 0.09375 0.96875
vt 0.09375 1
vt 0.040625 1
vt 0.775 0.96875
vt 0.828125 0.96875
vt 0.828125 1
vt 0.775 1
vt 0.90625 0.96875
vt 0.959375 0.96875
vt 0.959375 1
vt 0.90625 1
vt 0.775 0.04062500000000002
vt 0.828125 0.04062500000000002
vt 0.828125 0.09375
vt 0.775 0.09375
vt 0.775 0.90625
vt 0.828125 0.90625
vt 0.828125 0.959375
vt 0.775 0.959375
vn 0.9999938836345982 -0.00006624783786265497 -0.0034968992861834666
vn 0.0034978504175628036 0.00933799189129732 0.9999502822390194
vn -0.9999938840572444 0.00004945341064989126 0.003497056257331328
vn -0.003497850865640844 -0.009354844328295 -0.9999501247196859
vn 0.000026588573157453627 0.9999563245245564 -0.00934603318996027
vn -0.000026588452587606075 -0.9999563227986089 0.009346217852073966
usemtl m_16489577-58af-1805-6b40-f27c502bef62
f 169/505/127 170/506/127 171/507/127 172/508/127
f 173/509/128 169/510/128 172/511/128 174/512/128
f 175/513/129 173/514/129 174/515/129 176/516/129
f 170/517/130 175/518/130 176/519/130 171/520/130
f 176/521/131 174/522/131 172/523/131 171/524/131
f 170/525/132 169/526/132 173/527/132 175/528/132
o cube.024
v -2.266948 0.998206 0.244975
v -2.267125 0.997733 0.194368
v -2.267123 1.057271 0.193812
v -2.266946 1.057744 0.244419
v -2.317557 0.998208 0.245152
v -2.317555 1.057746 0.244596
v -2.317734 0.997736 0.194545
v -2.317732 1.057274 0.193989
vt 0.296875 0.96875
vt 0.35 0.96875
vt 0.35 1
vt 0.296875 1
vt 0.040625 0.96875
vt 0.09375 0.96875
vt 0.09375 1
vt 0.040625 1
vt 0.65 0.96875
vt 0.703125 0.96875
vt 0.703125 1
vt 0.65 1
vt 0.90625 0.96875
vt 0.959375 0.96875
vt 0.959375 1
vt 0.90625 1
vt 0.65 0.04062500000000002
vt 0.703125 0.04062500000000002
vt 0.703125 0.09375
vt 0.65 0.09375
vt 0.65 0.90625
vt 0.703125 0.90625
vt 0.703125 0.959375
vt 0.65 0.959375
vn 0.9999938836345982 -0.00006624783785519689 -0.0034968992861835343
vn 0.003497596793003854 0.00933799190810035 0.9999502831260153
vn -0.9999938836300202 0.00006624785007870824 0.0034969005951270018
vn -0.0034977813032219624 -0.009337991895876297 -0.9999502824807379
vn 0.000006898807066966365 0.9999565082415375 -0.009326391467166288
vn -0.000006829700606747188 -0.9999563237746038 0.009346148754173372
usemtl m_16489577-58af-1805-6b40-f27c502bef62
f 177/529/133 178/530/133 179/531/133 180/532/133
f 181/533/134 177/534/134 180/535/134 182/536/134
f 183/537/135 181/538/135 182/539/135 184/540/135
f 178/541/136 183/542/136 184/543/136 179/544/136
f 184/545/137 182/546/137 180/547/137 179/548/137
f 178/549/138 177/550/138 181/551/138 183/552/138
o cube.025
v -2.267364 0.997093 0.125899
v -2.267541 0.996621 0.075293
v -2.26754 1.056159 0.074737
v -2.267362 1.056631 0.125343
v -2.317973 0.997096 0.126076
v -2.317972 1.056634 0.12552
v -2.31815 0.996624 0.07547
v -2.318149 1.056162 0.074914
vt 0.421875 0.96875
vt 0.475 0.96875
vt 0.475 1
vt 0.421875 1
vt 0.040625 0.96875
vt 0.09375 0.96875
vt 0.09375 1
vt 0.040625 1
vt 0.525 0.96875
vt 0.578125 0.96875
vt 0.578125 1
vt 0.525 1
vt 0.90625 0.96875
vt 0.959375 0.96875
vt 0.959375 1
vt 0.90625 1
vt 0.525 0.04062500000000002
vt 0.578125 0.04062500000000002
vt 0.578125 0.09375
vt 0.525 0.09375
vt 0.525 0.90625
vt 0.578125 0.90625
vt 0.578125 0.959375
vt 0.525 0.959375
vn 0.9999938838121559 -0.000049454065035616755 -0.0034971263311845725
vn 0.003497781303221993 0.009337991895876295 0.9999502824807379
vn -0.9999938838121557 0.00004945406502824064 0.0034971263311934166
vn -0.0034977813047858282 -0.009338050639473506 -0.9999502819321562
vn 0.00002665586603771992 0.9999565055468752 -0.009326644838683984
vn -0.000026656392733365865 -0.999956505546844 0.009326644840525866
usemtl m_16489577-58af-1805-6b40-f27c502bef62
f 185/553/139 186/554/139 187/555/139 188/556/139
f 189/557/140 185/558/140 188/559/140 190/560/140
f 191/561/141 189/562/141 190/563/141 192/564/141
f 186/565/142 191/566/142 192/567/142 187/568/142
f 192/569/143 190/570/143 188/571/143 187/572/143
f 186/573/144 185/574/144 189/575/144 191/576/144
o cube.026
v -2.267781 0.995981 0.006824
v -2.267958 0.995508 -0.043783
v -2.267956 1.055046 -0.044339
v -2.267779 1.055519 0.006268
v -2.318389 0.995984 0.007001
v -2.318388 1.055522 0.006445
v -2.318566 0.995511 -0.043606
v -2.318564 1.055049 -0.044162
vt 0.546875 0.96875
vt 0.6 0.96875
vt 0.6 1
vt 0.546875 1
vt 0.040625 0.96875
vt 0.09375 0.96875
vt 0.09375 1
vt 0.040625 1
vt 0.4 0.96875
vt 0.453125 0.96875
vt 0.453125 1
vt 0.4 1
vt 0.90625 0.96875
vt 0.959375 0.96875
vt 0.959375 1
vt 0.90625 1
vt 0.4 0.04062500000000002
vt 0.453125 0.04062500000000002
vt 0.453125 0.09375
vt 0.4 0.09375
vt 0.4 0.90625
vt 0.453125 0.90625
vt 0.453125 0.959375
vt 0.4 0.959375
vn 0.9999938836345982 -0.00006624783786273711 -0.003496899286192238
vn 0.003497850417562049 0.009337991891297314 0.9999502822390194
vn -0.9999938840572442 0.0000494534106425152 0.0034970562573401727
vn -0.0034978504175621388 -0.009337991891297337 -0.9999502822390194
vn 0.000026587929061564502 0.9999563228035502 -0.009346217324910817
vn -0.000026588452587613986 -0.9999563227986089 0.009346217852073957
usemtl m_16489577-58af-1805-6b40-f27c502bef62
f 193/577/145 194/578/145 195/579/145 196/580/145
f 197/581/146 193/582/146 196/583/146 198/584/146
f 199/585/147 197/586/147 198/587/147 200/588/147
f 194/589/148 199/590/148 200/591/148 195/592/148
f 200/593/149 198/594/149 196/595/149 195/596/149
f 194/597/150 193/598/150 197/599/150 199/600/150
o cube.027
v -2.268197 0.994869 -0.112251
v -2.268373 0.994396 -0.162858
v -2.268372 1.053934 -0.163414
v -2.268196 1.054407 -0.112807
v -2.318805 0.994872 -0.112074
v -2.318804 1.05441 -0.11263
v -2.318983 0.994399 -0.16268
v -2.318981 1.053937 -0.163237
vt 0.671875 0.96875
vt 0.725 0.96875
vt 0.725 1
vt 0.671875 1
vt 0.040625 0.96875
vt 0.09375 0.96875
vt 0.09375 1
vt 0.040625 1
vt 0.275 0.96875
vt 0.328125 0.96875
vt 0.328125 1
vt 0.275 1
vt 0.90625 0.96875
vt 0.959375 0.96875
vt 0.959375 1
vt 0.90625 1
vt 0.275 0.04062500000000002
vt 0.328125 0.04062500000000002
vt 0.328125 0.09375
vt 0.275 0.09375
vt 0.275 0.90625
vt 0.328125 0.90625
vt 0.328125 0.959375
vt 0.275 0.959375
vn 0.9999939529665138 -0.000049268900014491994 -0.0034772982301376413
vn 0.003497850419125909 0.009338050636055282 0.9999502816904269
vn -0.9999938145131588 0.000049638570139341535 0.00351688376753108
vn -0.003517470349785613 -0.009354784280749392 -0.999950056459521
vn 0.000026588452587604733 0.999956322798609 -0.00934621785207615
vn -0.000026588454425259866 -0.9999563228035192 0.009346217326735434
usemtl m_16489577-58af-1805-6b40-f27c502bef62
f 201/601/151 202/602/151 203/603/151 204/604/151
f 205/605/152 201/606/152 204/607/152 206/608/152
f 207/609/153 205/610/153 206/611/153 208/612/153
f 202/613/154 207/614/154 208/615/154 203/616/154
f 208/617/155 206/618/155 204/619/155 203/620/155
f 202/621/156 201/622/156 205/623/156 207/624/156
o cube.028
v -2.268613 0.993757 -0.231326
v -2.26879 0.993284 -0.281933
v -2.268788 1.052822 -0.282489
v -2.268611 1.053295 -0.231882
v -2.319222 0.993759 -0.231149
v -2.319221 1.053297 -0.231705
v -2.319399 0.993287 -0.281756
v -2.319398 1.052825 -0.282312
vt 0.796875 0.96875
vt 0.85 0.96875
vt 0.85 1
vt 0.796875 1
vt 0.040625 0.96875
vt 0.09375 0.96875
vt 0.09375 1
vt 0.040625 1
vt 0.15 0.96875
vt 0.203125 0.96875
vt 0.203125 1
vt 0.15 1
vt 0.90625 0.96875
vt 0.959375 0.96875
vt 0.959375 1
vt 0.90625 1
vt 0.15 0.04062500000000002
vt 0.203125 0.04062500000000002
vt 0.203125 0.09375
vt 0.15 0.09375
vt 0.15 0.90625
vt 0.203125 0.90625
vt 0.203125 0.959375
vt 0.15 0.959375
vn 0.9999938836345982 -0.00006624783786265505 -0.003496899286183465
vn 0.003497596793003854 0.009337991908100333 0.9999502831260153
vn -0.9999938840538268 0.00004945341976725189 0.00349705723444806
vn -0.0034977813047855745 -0.00933805063947354 -0.9999502819321562
vn 0.000006898670751124816 0.9999565082415427 -0.009326391466689569
vn -0.000006829700606747188 -0.9999563237746038 0.009346148754173372
usemtl m_16489577-58af-1805-6b40-f27c502bef62
f 209/625/157 210/626/157 211/627/157 212/628/157
f 213/629/158 209/630/158 212/631/158 214/632/158
f 215/633/159 213/634/159 214/635/159 216/636/159
f 210/637/160 215/638/160 216/639/160 211/640/160
f 216/641/161 214/642/161 212/643/161 211/644/161
f 210/645/162 209/646/162 213/647/162 215/648/162
o cube.029
v -2.269029 0.992644 -0.350401
v -2.269207 0.992172 -0.401008
v -2.269205 1.05171 -0.401564
v -2.269028 1.052182 -0.350957
v -2.319639 0.992647 -0.350225
v -2.319638 1.052185 -0.350781
v -2.319816 0.992175 -0.400831
v -2.319814 1.051713 -0.401387
vt 0.921875 0.96875
vt 0.975 0.96875
vt 0.975 1
vt 0.921875 1
vt 0.040625 0.96875
vt 0.09375 0.96875
vt 0.09375 1
vt 0.040625 1
vt 0.025 0.96875
vt 0.078125 0.96875
vt 0.078125 1
vt 0.025 1
vt 0.90625 0.96875
vt 0.959375 0.96875
vt 0.959375 1
vt 0.90625 1
vt 0.025 0.04062500000000002
vt 0.078125 0.04062500000000002
vt 0.078125 0.09375
vt 0.025 0.09375
vt 0.025 0.90625
vt 0.078125 0.90625
vt 0.078125 0.959375
vt 0.025 0.959375
vn 0.9999938143303083 -0.00006643235954686585 -0.003516658621872476
vn 0.003477954474311646 0.009338051618225417 0.9999503510798173
vn -0.9999938838121559 0.00004945406503561743 0.0034971263311845743
vn -0.0034977813032219924 -0.009337991895876356 -0.9999502824807379
vn 0.000026840150264844015 0.9999565055408813 -0.009326644952807387
vn -0.000026840787515505417 -0.9999565072497184 0.009326461736162235
usemtl m_16489577-58af-1805-6b40-f27c502bef62
f 217/649/163 218/650/163 219/651/163 220/652/163
f 221/653/164 217/654/164 220/655/164 222/656/164
f 223/657/165 221/658/165 222/659/165 224/660/165
f 218/661/166 223/662/166 224/663/166 219/664/166
f 224/665/167 222/666/167 220/667/167 219/668/167
f 218/669/168 217/670/168 221/671/168 223/672/168
o cube.030
v -2.34335 1.03758 -0.320789
v -2.343526 1.037107 -0.371397
v -2.343526 1.051992 -0.371536
v -2.343349 1.052465 -0.320929
v -2.393959 1.037583 -0.320612
v -2.393958 1.052467 -0.320752
v -2.394136 1.03711 -0.37122
v -2.394135 1.051995 -0.371359
vt 0.890625 0.96875
vt 0.94375 0.96875
vt 0.94375 1
vt 0.890625 1
vt 0 0.96875
vt 0.015625 0.96875
vt 0.015625 1
vt 0 1
vt 0.05625 0.96875
vt 0.109375 0.96875
vt 0.109375 1
vt 0.05625 1
vt 0.984375 0.96875
vt 1 0.96875
vt 1 1
vt 0.984375 1
vt 0.05625 0
vt 0.109375 0
vt 0.109375 0.015625
vt 0.05625 0.015625
vt 0.05625 0.984375
vt 0.109375 0.984375
vt 0.109375 1
vt 0.05625 1
vn 0.9999939533460313 -0.00003247273926944662 -0.003477386503782072
vn 0.0034977830719082207 0.009404733234463747 0.9999496569859758
vn -0.9999938821686746 0.00010007429766375018 0.0034965140294208863
vn -0.0034977121801379584 -0.009337560775670198 -0.9999502867484291
vn 0.000006898807066961074 0.9999565082415375 -0.009326391467166288
vn -0.00002658857499504715 -0.9999563245294665 0.009346032664629755
usemtl m_16489577-58af-1805-6b40-f27c502bef62
f 225/673/169 226/674/169 227/675/169 228/676/169
f 229/677/170 225/678/170 228/679/170 230/680/170
f 231/681/171 229/682/171 230/683/171 232/684/171
f 226/685/172 231/686/172 232/687/172 227/688/172
f 232/689/173 230/690/173 228/691/173 227/692/173
f 226/693/174 225/694/174 229/695/174 231/696/174
o cube.031
