{
	"format_version": "1.12.0",
	"minecraft:geometry": [
		{
			"description": {
				"identifier": "geometry.unknown",
				"texture_width": 16,
				"texture_height": 16,
				"visible_bounds_width": 4,
				"visible_bounds_height": 3.5,
				"visible_bounds_offset": [0, 1.25, 0]
			},
			"bones": [
				{
					"name": "bb_main",
					"pivot": [0, 0, 0],
					"cubes": [
						{
							"origin": [-8, 0, 5],
							"size": [16, 18, 3],
							"uv": {
								"north": {"uv": [6.5653, 11.53741], "uv_size": [0.10916, 0.03628]},
								"east": {"uv": [6.5653, 11.3802], "uv_size": [0.10916, 0.12094]},
								"south": {"uv": [6.5653, 11.3802], "uv_size": [0.23392, 0.10884]},
								"west": {"uv": [6.5653, 11.3802], "uv_size": [0.09357, 0.10884]},
								"up": {"uv": [6.81481, 11.41648], "uv_size": [-0.24951, -0.03628]},
								"down": {"uv": [6.81481, 11.41648], "uv_size": [-0.24951, -0.03628]}
							}
						},
						{
							"origin": [-8, 0, -5],
							"size": [3, 18, 10],
							"uv": {
								"north": {"uv": [6.5653, 11.3802], "uv_size": [0.04678, 0.1935]},
								"east": {"uv": [6.5653, 11.3802], "uv_size": [0.18713, 0.12094]},
								"south": {"uv": [6.72125, 11.3802], "uv_size": [0.04678, 0.1935]},
								"west": {"uv": [6.5653, 11.52532], "uv_size": [0.12476, 0.04837]},
								"up": {"uv": [6.61209, 11.50113], "uv_size": [-0.04678, -0.12094]},
								"down": {"uv": [6.61209, 11.50113], "uv_size": [-0.04678, -0.12094]}
							}
						},
						{
							"origin": [-5, 0, -5],
							"size": [10, 1, 10],
							"uv": {
								"north": {"uv": [6.5653, 11.3802], "uv_size": [0.04678, 0.1935]},
								"east": {"uv": [6.5653, 11.3802], "uv_size": [0.18713, 0.12094]},
								"south": {"uv": [6.73684, 11.3802], "uv_size": [0.04678, 0.1935]},
								"west": {"uv": [6.5809, 11.45276], "uv_size": [0.12476, 0.04837]},
								"up": {"uv": [6.61209, 11.50113], "uv_size": [-0.04678, -0.12094]},
								"down": {"uv": [6.62768, 11.52532], "uv_size": [-0.04678, -0.03628]}
							}
						},
						{
							"origin": [-5.75, 14.3, -6],
							"size": [11.75, 1.75, 11.5],
							"uv": {
								"north": {"uv": [6.5653, 11.3802], "uv_size": [0.04678, 0.1935]},
								"east": {"uv": [6.5653, 11.3802], "uv_size": [0.18713, 0.12094]},
								"south": {"uv": [6.73684, 11.3802], "uv_size": [0.04678, 0.1935]},
								"west": {"uv": [6.5809, 11.45276], "uv_size": [0.12476, 0.04837]},
								"up": {"uv": [15.98441, 12.39607], "uv_size": [-15.96881, -12.38398]},
								"down": {"uv": [6.62768, 11.52532], "uv_size": [-0.04678, -0.03628]}
							}
						},
						{
							"origin": [5, 0, -5],
							"size": [3, 18, 10],
							"uv": {
								"north": {"uv": [6.5653, 11.3802], "uv_size": [0.06238, 0.11553]},
								"east": {"uv": [6.5653, 11.54951], "uv_size": [0.09357, 0.02419]},
								"south": {"uv": [6.73684, 11.3802], "uv_size": [0.04678, 0.1935]},
								"west": {"uv": [6.65887, 11.3802], "uv_size": [0.10916, 0.10534]},
								"up": {"uv": [6.61209, 11.50113], "uv_size": [-0.04678, -0.12094]},
								"down": {"uv": [6.61209, 11.50113], "uv_size": [-0.04678, -0.12094]}
							}
						},
						{
							"origin": [-8, 0, -8],
							"size": [16, 18, 3],
							"uv": {
								"north": {"uv": [6.5653, 11.3802], "uv_size": [0.21832, 0.12094]},
								"east": {"uv": [6.5653, 11.3802], "uv_size": [0.10916, 0.12094]},
								"south": {"uv": [6.5653, 11.53741], "uv_size": [0.03119, 0.03628]},
								"west": {"uv": [6.5653, 11.3802], "uv_size": [0.07797, 0.10884]},
								"up": {"uv": [6.81481, 11.41648], "uv_size": [-0.24951, -0.03628]},
								"down": {"uv": [6.81481, 11.41648], "uv_size": [-0.24951, -0.03628]}
							}
						},
						{
							"origin": [4.75, 23, -8],
							"size": [3.25, 3, 16],
							"uv": {
								"north": {"uv": [6.5653, 11.3802], "uv_size": [0.05068, 0.03628]},
								"east": {"uv": [6.5653, 11.3802], "uv_size": [0.24951, 0.03628]},
								"south": {"uv": [6.5653, 11.3802], "uv_size": [0.05068, 0.03628]},
								"west": {"uv": [6.5653, 11.3802], "uv_size": [0.24951, 0.03628]},
								"up": {"uv": [6.81481, 11.5737], "uv_size": [-0.08187, -0.1935]},
								"down": {"uv": [6.67836, 11.50113], "uv_size": [-0.11306, -0.12094]}
							}
						},
						{
							"origin": [-8, 23, -8],
							"size": [3.25, 3, 16],
							"uv": {
								"north": {"uv": [6.5653, 11.3802], "uv_size": [0.05068, 0.03628]},
								"east": {"uv": [6.5653, 11.3802], "uv_size": [0.24951, 0.03628]},
								"south": {"uv": [6.5653, 11.3802], "uv_size": [0.05068, 0.03628]},
								"west": {"uv": [6.5653, 11.3802], "uv_size": [0.24951, 0.03628]},
								"up": {"uv": [6.64717, 11.48904], "uv_size": [-0.08187, -0.10884]},
								"down": {"uv": [6.61598, 11.50113], "uv_size": [-0.05068, -0.12094]}
							}
						},
						{
							"origin": [-4.75, 23, -8],
							"size": [9.5, 3, 3],
							"uv": {
								"north": {"uv": [6.5653, 11.3802], "uv_size": [0.14815, 0.03628]},
								"east": {"uv": [6.5653, 11.3802], "uv_size": [0.04678, 0.03628]},
								"south": {"uv": [6.5653, 11.3802], "uv_size": [0.14815, 0.03628]},
								"west": {"uv": [6.5653, 11.3802], "uv_size": [0.04678, 0.03628]},
								"up": {"uv": [6.71345, 11.41648], "uv_size": [-0.14815, -0.03628]},
								"down": {"uv": [6.71345, 11.41648], "uv_size": [-0.14815, -0.03628]}
							}
						},
						{
							"origin": [-4.75, 23, 5],
							"size": [9.5, 3, 3],
							"uv": {
								"north": {"uv": [6.5653, 11.3802], "uv_size": [0.14815, 0.03628]},
								"east": {"uv": [6.5653, 11.3802], "uv_size": [0.04678, 0.03628]},
								"south": {"uv": [6.5653, 11.3802], "uv_size": [0.14815, 0.03628]},
								"west": {"uv": [6.5653, 11.3802], "uv_size": [0.04678, 0.03628]},
								"up": {"uv": [6.71345, 11.41648], "uv_size": [-0.14815, -0.03628]},
								"down": {"uv": [6.71345, 11.41648], "uv_size": [-0.14815, -0.03628]}
							}
						},
						{
							"origin": [4.75, 18, -8],
							"size": [3.25, 5.75, 15],
							"uv": {
								"north": {"uv": [6.5653, 11.3802], "uv_size": [0.05068, 0.06954]},
								"east": {"uv": [6.5653, 11.3802], "uv_size": [0.04678, 0.06954]},
								"south": {"uv": [6.5653, 11.3802], "uv_size": [0.05068, 0.06954]},
								"west": {"uv": [6.5653, 11.3802], "uv_size": [0.04678, 0.06954]},
								"up": {"uv": [6.61598, 11.41648], "uv_size": [-0.05068, -0.03628]},
								"down": {"uv": [6.61598, 11.41648], "uv_size": [-0.05068, -0.03628]}
							}
						},
						{
							"origin": [-8, 18, -8],
							"size": [3.25, 5.75, 14],
							"uv": {
								"north": {"uv": [6.5653, 11.3802], "uv_size": [0.05068, 0.06954]},
								"east": {"uv": [6.5653, 11.3802], "uv_size": [0.04678, 0.06954]},
								"south": {"uv": [6.5653, 11.3802], "uv_size": [0.05068, 0.06954]},
								"west": {"uv": [6.5653, 11.3802], "uv_size": [0.04678, 0.06954]},
								"up": {"uv": [6.61598, 11.41648], "uv_size": [-0.05068, -0.03628]},
								"down": {"uv": [6.61598, 11.41648], "uv_size": [-0.05068, -0.03628]}
							}
						},
						{
							"origin": [-8.5, 15, -6.5],
							"size": [1.75, 3.75, 1],
							"uv": {
								"north": {"uv": [6.5653, 11.3802], "uv_size": [0.05068, 0.06954]},
								"east": {"uv": [6.5653, 11.3802], "uv_size": [0.04678, 0.06954]},
								"south": {"uv": [6.5653, 11.3802], "uv_size": [0.05068, 0.06954]},
								"west": {"uv": [6.5653, 11.3802], "uv_size": [0.04678, 0.06954]},
								"up": {"uv": [6.61598, 11.41648], "uv_size": [-0.05068, -0.03628]},
								"down": {"uv": [6.61598, 11.41648], "uv_size": [-0.05068, -0.03628]}
							}
						},
						{
							"origin": [-10.25, 14, -7.5],
							"size": [1.75, 5.75, 3],
							"uv": {
								"north": {"uv": [6.5653, 11.3802], "uv_size": [0.05068, 0.06954]},
								"east": {"uv": [6.5653, 11.3802], "uv_size": [0.04678, 0.06954]},
								"south": {"uv": [6.5653, 11.3802], "uv_size": [0.05068, 0.06954]},
								"west": {"uv": [6.5653, 11.3802], "uv_size": [0.04678, 0.06954]},
								"up": {"uv": [6.61598, 11.41648], "uv_size": [-0.05068, -0.03628]},
								"down": {"uv": [6.61598, 11.41648], "uv_size": [-0.05068, -0.03628]}
							}
						},
						{
							"origin": [8.5, 14, -7.5],
							"size": [1.75, 5.75, 3],
							"uv": {
								"north": {"uv": [6.5653, 11.3802], "uv_size": [0.05068, 0.06954]},
								"east": {"uv": [6.5653, 11.3802], "uv_size": [0.04678, 0.06954]},
								"south": {"uv": [6.5653, 11.3802], "uv_size": [0.05068, 0.06954]},
								"west": {"uv": [6.5653, 11.3802], "uv_size": [0.04678, 0.06954]},
								"up": {"uv": [6.61598, 11.41648], "uv_size": [-0.05068, -0.03628]},
								"down": {"uv": [6.61598, 11.41648], "uv_size": [-0.05068, -0.03628]}
							}
						},
						{
							"origin": [6.75, 15, -6.5],
							"size": [1.75, 3.75, 1],
							"uv": {
								"north": {"uv": [6.5653, 11.3802], "uv_size": [0.05068, 0.06954]},
								"east": {"uv": [6.5653, 11.3802], "uv_size": [0.04678, 0.06954]},
								"south": {"uv": [6.5653, 11.3802], "uv_size": [0.05068, 0.06954]},
								"west": {"uv": [6.5653, 11.3802], "uv_size": [0.04678, 0.06954]},
								"up": {"uv": [6.61598, 11.41648], "uv_size": [-0.05068, -0.03628]},
								"down": {"uv": [6.61598, 11.41648], "uv_size": [-0.05068, -0.03628]}
							}
						},
						{
							"origin": [-8, 18, 5],
							"size": [3.25, 5.75, 3],
							"uv": {
								"north": {"uv": [6.5653, 11.3802], "uv_size": [0.05068, 0.06954]},
								"east": {"uv": [6.5653, 11.3802], "uv_size": [0.04678, 0.06954]},
								"south": {"uv": [6.5653, 11.3802], "uv_size": [0.05068, 0.06954]},
								"west": {"uv": [6.5653, 11.3802], "uv_size": [0.04678, 0.06954]},
								"up": {"uv": [6.61598, 11.41648], "uv_size": [-0.05068, -0.03628]},
								"down": {"uv": [6.61598, 11.41648], "uv_size": [-0.05068, -0.03628]}
							}
						},
						{
							"origin": [-7.25, 18, 5],
							"size": [15.25, 5.75, 3],
							"uv": {
								"north": {"uv": [6.5653, 11.3802], "uv_size": [0.05068, 0.06954]},
								"east": {"uv": [6.5653, 11.3802], "uv_size": [0.04678, 0.06954]},
								"south": {"uv": [6.5653, 11.3802], "uv_size": [0.05068, 0.06954]},
								"west": {"uv": [6.5653, 11.3802], "uv_size": [0.04678, 0.06954]},
								"up": {"uv": [6.61598, 11.41648], "uv_size": [-0.05068, -0.03628]},
								"down": {"uv": [6.61598, 11.41648], "uv_size": [-0.05068, -0.03628]}
							}
						},
						{
							"origin": [-8, 26, -8],
							"size": [16, 2, 11.25],
							"uv": {
								"north": {"uv": [6.5653, 11.3802], "uv_size": [0.24951, 0.02419]},
								"east": {"uv": [6.5653, 11.3802], "uv_size": [0.06628, 0.02419]},
								"south": {"uv": [6.5653, 11.3802], "uv_size": [0.24951, 0.02419]},
								"west": {"uv": [6.5653, 11.3802], "uv_size": [0.06628, 0.02419]},
								"up": {"uv": [6.81481, 11.43159], "uv_size": [-0.24951, -0.0514]},
								"down": {"uv": [6.81481, 11.43159], "uv_size": [-0.24951, -0.0514]}
							}
						},
						{
							"origin": [-8, 28.1002, -8],
							"size": [16, 2, 4.75],
							"pivot": [8, 0, -8],
							"rotation": [-22.5, 0, 0],
							"uv": {
								"north": {"uv": [6.5653, 11.50113], "uv_size": [0.24951, 0.02419]},
								"east": {"uv": [6.62768, 11.47695], "uv_size": [0.07797, 0.02419]},
								"south": {"uv": [6.5653, 11.47695], "uv_size": [0.24951, 0.02419]},
								"west": {"uv": [6.69006, 11.47695], "uv_size": [0.07797, 0.02419]},
								"up": {"uv": [6.5653, 11.3802], "uv_size": [0.24951, 0.06047]},
								"down": {"uv": [6.5653, 11.50113], "uv_size": [0.24951, -0.06047]}
							}
						},
						{
							"origin": [-3, 26, -3.25],
							"size": [6.25, 0, 6],
							"uv": {
								"north": {"uv": [0, 0], "uv_size": [0.11696, 0.02419]},
								"east": {"uv": [0, 0], "uv_size": [0.15205, 0.02419]},
								"south": {"uv": [0, 0], "uv_size": [0.11696, 0.02419]},
								"west": {"uv": [0, 0], "uv_size": [0.15205, 0.02419]},
								"up": {"uv": [0.24951, 0.1935], "uv_size": [-0.24951, -0.1935]},
								"down": {"uv": [0.24951, 0.1935], "uv_size": [-0.24951, -0.1935]}
							}
						},
						{
							"origin": [-3.25, 8, 8.5],
							"size": [6.5, 6, 0],
							"uv": {
								"north": {"uv": [0.01559, 11.3802], "uv_size": [0.40595, 0.5075]},
								"east": {"uv": [0.01559, 11.3802], "uv_size": [0, 1.58352]},
								"south": {"uv": [0.43665, 11.58579], "uv_size": [5.86355, 4.64324]},
								"west": {"uv": [0.01559, 11.3802], "uv_size": [0, 1.58352]},
								"up": {"uv": [2.2617, 11.3802], "uv_size": [-2.2461, 0]},
								"down": {"uv": [2.2617, 11.3802], "uv_size": [-2.2461, 0]}
							}
						},
						{
							"origin": [-8.25, 8, -3.25],
							"size": [0, 6, 6.5],
							"uv": {
								"north": {"uv": [0.01559, 11.3802], "uv_size": [0, 1.58352]},
								"east": {"uv": [0.01559, 11.3802], "uv_size": [6.45614, 5.01814]},
								"south": {"uv": [0.01559, 11.3802], "uv_size": [0, 1.58352]},
								"west": {"uv": [0.01559, 11.3802], "uv_size": [0.40595, 0.39368]},
								"up": {"uv": [2.2617, 11.3802], "uv_size": [-2.2461, 0]},
								"down": {"uv": [2.2617, 11.3802], "uv_size": [-2.2461, 0]}
							}
						},
						{
							"origin": [8.5, 8, -3],
							"size": [0, 6, 6.5],
							"uv": {
								"north": {"uv": [0.01559, 11.3802], "uv_size": [0, 1.58352]},
								"east": {"uv": [0.01559, 11.3802], "uv_size": [0.60819, 0.5075]},
								"south": {"uv": [0.01559, 11.3802], "uv_size": [0, 1.58352]},
								"west": {"uv": [0.38986, 11.52532], "uv_size": [5.95711, 4.7037]},
								"up": {"uv": [2.2617, 11.3802], "uv_size": [-2.2461, 0]},
								"down": {"uv": [2.2617, 11.3802], "uv_size": [-2.2461, 0]}
							}
						},
						{
							"origin": [-3.25, 8, -8.26],
							"size": [6.5, 6, 0],
							"uv": {
								"north": {"uv": [0.23392, 11.51323], "uv_size": [6.11306, 4.76493]},
								"east": {"uv": [0.01559, 11.3802], "uv_size": [0, 1.58352]},
								"south": {"uv": [0.01559, 11.3802], "uv_size": [6.45614, 5.01814]},
								"west": {"uv": [0.01559, 11.3802], "uv_size": [0, 1.58352]},
								"up": {"uv": [2.2617, 11.3802], "uv_size": [-2.2461, 0]},
								"down": {"uv": [2.2617, 11.3802], "uv_size": [-2.2461, 0]}
							}
						},
						{
							"origin": [-2.5, 26, -2.25],
							"size": [2.25, 0.5, 0.25],
							"pivot": [8, 0, -8],
							"rotation": [0, 22.5, 0],
							"uv": {
								"north": {"uv": [6.83041, 11.3802], "uv_size": [0.06238, 0.01209]},
								"east": {"uv": [6.83041, 11.42857], "uv_size": [0.01559, 0.01209]},
								"south": {"uv": [6.83041, 11.39229], "uv_size": [0.06238, 0.01209]},
								"west": {"uv": [6.89279, 11.3802], "uv_size": [0.01559, 0.01209]},
								"up": {"uv": [6.83041, 11.40438], "uv_size": [0.06238, 0.01209]},
								"down": {"uv": [6.83041, 11.42857], "uv_size": [0.06238, -0.01209]}
							}
						},
						{
							"origin": [-2.5, 26, -5.25],
							"size": [2.25, 0.5, 0.25],
							"pivot": [8, 0, -8],
							"rotation": [0, 22.5, 0],
							"uv": {
								"north": {"uv": [6.83041, 11.3802], "uv_size": [0.06238, 0.01209]},
								"east": {"uv": [6.83041, 11.42857], "uv_size": [0.01559, 0.01209]},
								"south": {"uv": [6.83041, 11.39229], "uv_size": [0.06238, 0.01209]},
								"west": {"uv": [6.89279, 11.3802], "uv_size": [0.01559, 0.01209]},
								"up": {"uv": [6.83041, 11.40438], "uv_size": [0.06238, 0.01209]},
								"down": {"uv": [6.83041, 11.42857], "uv_size": [0.06238, -0.01209]}
							}
						},
						{
							"origin": [2.54329, 26, 0.9403],
							"size": [2.25, 0.5, 0.25],
							"pivot": [8, 0, -5.5],
							"rotation": [0, -22.5, 0],
							"uv": {
								"north": {"uv": [6.83041, 11.3802], "uv_size": [0.06238, 0.01209]},
								"east": {"uv": [6.83041, 11.42857], "uv_size": [0.01559, 0.01209]},
								"south": {"uv": [6.83041, 11.39229], "uv_size": [0.06238, 0.01209]},
								"west": {"uv": [6.89279, 11.3802], "uv_size": [0.01559, 0.01209]},
								"up": {"uv": [6.83041, 11.40438], "uv_size": [0.06238, 0.01209]},
								"down": {"uv": [6.83041, 11.42857], "uv_size": [0.06238, -0.01209]}
							}
						},
						{
							"origin": [1.54329, 26, 3.1903],
							"size": [1.25, 0.5, 0.25],
							"pivot": [8, 0, -5.5],
							"rotation": [0, -22.5, 0],
							"uv": {
								"north": {"uv": [6.83041, 11.3802], "uv_size": [0.06238, 0.01209]},
								"east": {"uv": [6.83041, 11.42857], "uv_size": [0.01559, 0.01209]},
								"south": {"uv": [6.83041, 11.39229], "uv_size": [0.06238, 0.01209]},
								"west": {"uv": [6.89279, 11.3802], "uv_size": [0.01559, 0.01209]},
								"up": {"uv": [6.83041, 11.40438], "uv_size": [0.06238, 0.01209]},
								"down": {"uv": [6.83041, 11.42857], "uv_size": [0.06238, -0.01209]}
							}
						},
						{
							"origin": [-0.20671, 26, 1.1903],
							"size": [1.25, 0.5, 0.25],
							"pivot": [8, 0, -5.5],
							"rotation": [0, -22.5, 0],
							"uv": {
								"north": {"uv": [6.83041, 11.3802], "uv_size": [0.06238, 0.01209]},
								"east": {"uv": [6.83041, 11.42857], "uv_size": [0.01559, 0.01209]},
								"south": {"uv": [6.83041, 11.39229], "uv_size": [0.06238, 0.01209]},
								"west": {"uv": [6.89279, 11.3802], "uv_size": [0.01559, 0.01209]},
								"up": {"uv": [6.83041, 11.40438], "uv_size": [0.06238, 0.01209]},
								"down": {"uv": [6.83041, 11.42857], "uv_size": [0.06238, -0.01209]}
							}
						},
						{
							"origin": [-2.5, 0, -21.25],
							"size": [2.25, 0.5, 0.25],
							"pivot": [8, -26, -24],
							"rotation": [0, 22.5, 0],
							"uv": {
								"north": {"uv": [6.83041, 11.3802], "uv_size": [0.06238, 0.01209]},
								"east": {"uv": [6.83041, 11.42857], "uv_size": [0.01559, 0.01209]},
								"south": {"uv": [6.83041, 11.39229], "uv_size": [0.06238, 0.01209]},
								"west": {"uv": [6.89279, 11.3802], "uv_size": [0.01559, 0.01209]},
								"up": {"uv": [6.83041, 11.40438], "uv_size": [0.06238, 0.01209]},
								"down": {"uv": [6.83041, 11.42857], "uv_size": [0.06238, -0.01209]}
							}
						},
						{
							"origin": [2.54329, 0, -15.0597],
							"size": [2.25, 0.5, 0.25],
							"pivot": [8, -26, -21.5],
							"rotation": [0, -22.5, 0],
							"uv": {
								"north": {"uv": [6.83041, 11.3802], "uv_size": [0.06238, 0.01209]},
								"east": {"uv": [6.83041, 11.42857], "uv_size": [0.01559, 0.01209]},
								"south": {"uv": [6.83041, 11.39229], "uv_size": [0.06238, 0.01209]},
								"west": {"uv": [6.89279, 11.3802], "uv_size": [0.01559, 0.01209]},
								"up": {"uv": [6.83041, 11.40438], "uv_size": [0.06238, 0.01209]},
								"down": {"uv": [6.83041, 11.42857], "uv_size": [0.06238, -0.01209]}
							}
						},
						{
							"origin": [1.54329, 0, -12.8097],
							"size": [1.25, 0.5, 0.25],
							"pivot": [8, -26, -21.5],
							"rotation": [0, -22.5, 0],
							"uv": {
								"north": {"uv": [6.83041, 11.3802], "uv_size": [0.06238, 0.01209]},
								"east": {"uv": [6.83041, 11.42857], "uv_size": [0.01559, 0.01209]},
								"south": {"uv": [6.83041, 11.39229], "uv_size": [0.06238, 0.01209]},
								"west": {"uv": [6.89279, 11.3802], "uv_size": [0.01559, 0.01209]},
								"up": {"uv": [6.83041, 11.40438], "uv_size": [0.06238, 0.01209]},
								"down": {"uv": [6.83041, 11.42857], "uv_size": [0.06238, -0.01209]}
							}
						},
						{
							"origin": [-0.20671, 0, -14.8097],
							"size": [1.25, 0.5, 0.25],
							"pivot": [8, -26, -21.5],
							"rotation": [0, -22.5, 0],
							"uv": {
								"north": {"uv": [6.83041, 11.3802], "uv_size": [0.06238, 0.01209]},
								"east": {"uv": [6.83041, 11.42857], "uv_size": [0.01559, 0.01209]},
								"south": {"uv": [6.83041, 11.39229], "uv_size": [0.06238, 0.01209]},
								"west": {"uv": [6.89279, 11.3802], "uv_size": [0.01559, 0.01209]},
								"up": {"uv": [6.83041, 11.40438], "uv_size": [0.06238, 0.01209]},
								"down": {"uv": [6.83041, 11.42857], "uv_size": [0.06238, -0.01209]}
							}
						},
						{
							"origin": [-11.5, 0, -13.25],
							"size": [2.25, 0.5, 0.25],
							"pivot": [-1, -26, -16],
							"rotation": [0, 22.5, 0],
							"uv": {
								"north": {"uv": [6.83041, 11.3802], "uv_size": [0.06238, 0.01209]},
								"east": {"uv": [6.83041, 11.42857], "uv_size": [0.01559, 0.01209]},
								"south": {"uv": [6.83041, 11.39229], "uv_size": [0.06238, 0.01209]},
								"west": {"uv": [6.89279, 11.3802], "uv_size": [0.01559, 0.01209]},
								"up": {"uv": [6.83041, 11.40438], "uv_size": [0.06238, 0.01209]},
								"down": {"uv": [6.83041, 11.42857], "uv_size": [0.06238, -0.01209]}
							}
						},
						{
							"origin": [-6.45671, 0, -7.0597],
							"size": [2.25, 0.5, 0.25],
							"pivot": [-1, -26, -13.5],
							"rotation": [0, -22.5, 0],
							"uv": {
								"north": {"uv": [6.83041, 11.3802], "uv_size": [0.06238, 0.01209]},
								"east": {"uv": [6.83041, 11.42857], "uv_size": [0.01559, 0.01209]},
								"south": {"uv": [6.83041, 11.39229], "uv_size": [0.06238, 0.01209]},
								"west": {"uv": [6.89279, 11.3802], "uv_size": [0.01559, 0.01209]},
								"up": {"uv": [6.83041, 11.40438], "uv_size": [0.06238, 0.01209]},
								"down": {"uv": [6.83041, 11.42857], "uv_size": [0.06238, -0.01209]}
							}
						},
						{
							"origin": [-7.45671, 0, -4.8097],
							"size": [1.25, 0.5, 0.25],
							"pivot": [-1, -26, -13.5],
							"rotation": [0, -22.5, 0],
							"uv": {
								"north": {"uv": [6.83041, 11.3802], "uv_size": [0.06238, 0.01209]},
								"east": {"uv": [6.83041, 11.42857], "uv_size": [0.01559, 0.01209]},
								"south": {"uv": [6.83041, 11.39229], "uv_size": [0.06238, 0.01209]},
								"west": {"uv": [6.89279, 11.3802], "uv_size": [0.01559, 0.01209]},
								"up": {"uv": [6.83041, 11.40438], "uv_size": [0.06238, 0.01209]},
								"down": {"uv": [6.83041, 11.42857], "uv_size": [0.06238, -0.01209]}
							}
						},
						{
							"origin": [-9.20671, 0, -6.8097],
							"size": [1.25, 0.5, 0.25],
							"pivot": [-1, -26, -13.5],
							"rotation": [0, -22.5, 0],
							"uv": {
								"north": {"uv": [6.83041, 11.3802], "uv_size": [0.06238, 0.01209]},
								"east": {"uv": [6.83041, 11.42857], "uv_size": [0.01559, 0.01209]},
								"south": {"uv": [6.83041, 11.39229], "uv_size": [0.06238, 0.01209]},
								"west": {"uv": [6.89279, 11.3802], "uv_size": [0.01559, 0.01209]},
								"up": {"uv": [6.83041, 11.40438], "uv_size": [0.06238, 0.01209]},
								"down": {"uv": [6.83041, 11.42857], "uv_size": [0.06238, -0.01209]}
							}
						},
						{
							"origin": [-11.03553, 0, -6.27082],
							"size": [2.25, 0.5, 0.25],
							"pivot": [3, -26, 3],
							"rotation": [0, -45, 0],
							"uv": {
								"north": {"uv": [6.83041, 11.3802], "uv_size": [0.06238, 0.01209]},
								"east": {"uv": [6.83041, 11.42857], "uv_size": [0.01559, 0.01209]},
								"south": {"uv": [6.83041, 11.39229], "uv_size": [0.06238, 0.01209]},
								"west": {"uv": [6.89279, 11.3802], "uv_size": [0.01559, 0.01209]},
								"up": {"uv": [6.83041, 11.40438], "uv_size": [0.06238, 0.01209]},
								"down": {"uv": [6.83041, 11.42857], "uv_size": [0.06238, -0.01209]}
							}
						},
						{
							"origin": [-1.39983, 0, -12.60579],
							"size": [0.25, 0.5, 2.25],
							"pivot": [3, -26, 3],
							"rotation": [0, -22.5, 0],
							"uv": {
								"north": {"uv": [6.83041, 11.42857], "uv_size": [0.01559, 0.01209]},
								"east": {"uv": [6.83041, 11.39229], "uv_size": [0.06238, 0.01209]},
								"south": {"uv": [6.89279, 11.3802], "uv_size": [0.01559, 0.01209]},
								"west": {"uv": [6.83041, 11.3802], "uv_size": [0.06238, 0.01209]},
								"up": {"uv": [6.83041, 11.40438], "uv_size": [0.06238, 0.01209]},
								"down": {"uv": [6.83041, 11.42857], "uv_size": [0.06238, -0.01209]}
							}
						},
						{
							"origin": [5.92157, 0, -16],
							"size": [1.25, 0.5, 0.25],
							"pivot": [3, -26, 3],
							"rotation": [0, -45, 0],
							"uv": {
								"north": {"uv": [6.83041, 11.39229], "uv_size": [0.06238, 0.01209]},
								"east": {"uv": [6.89279, 11.3802], "uv_size": [0.01559, 0.01209]},
								"south": {"uv": [6.83041, 11.3802], "uv_size": [0.06238, 0.01209]},
								"west": {"uv": [6.83041, 11.42857], "uv_size": [0.01559, 0.01209]},
								"up": {"uv": [6.83041, 11.40438], "uv_size": [0.06238, 0.01209]},
								"down": {"uv": [6.83041, 11.42857], "uv_size": [0.06238, -0.01209]}
							}
						},
						{
							"origin": [-5.70807, 0, -15.45976],
							"size": [0.25, 0.5, 1.25],
							"pivot": [3, -26, 3],
							"rotation": [0, -45, 0],
							"uv": {
								"north": {"uv": [6.83041, 11.42857], "uv_size": [0.01559, 0.01209]},
								"east": {"uv": [6.83041, 11.39229], "uv_size": [0.06238, 0.01209]},
								"south": {"uv": [6.89279, 11.3802], "uv_size": [0.01559, 0.01209]},
								"west": {"uv": [6.83041, 11.3802], "uv_size": [0.06238, 0.01209]},
								"up": {"uv": [6.83041, 11.40438], "uv_size": [0.06238, 0.01209]},
								"down": {"uv": [6.83041, 11.42857], "uv_size": [0.06238, -0.01209]}
							}
						},
						{
							"origin": [-11.03553, 0, 18.72918],
							"size": [2.25, 0.5, 0.25],
							"pivot": [3, -26, 28],
							"rotation": [0, -45, 0],
							"uv": {
								"north": {"uv": [6.83041, 11.3802], "uv_size": [0.06238, 0.01209]},
								"east": {"uv": [6.83041, 11.42857], "uv_size": [0.01559, 0.01209]},
								"south": {"uv": [6.83041, 11.39229], "uv_size": [0.06238, 0.01209]},
								"west": {"uv": [6.89279, 11.3802], "uv_size": [0.01559, 0.01209]},
								"up": {"uv": [6.83041, 11.40438], "uv_size": [0.06238, 0.01209]},
								"down": {"uv": [6.83041, 11.42857], "uv_size": [0.06238, -0.01209]}
							}
						},
						{
							"origin": [-1.39983, 0, 12.39421],
							"size": [0.25, 0.5, 2.25],
							"pivot": [3, -26, 28],
							"rotation": [0, -22.5, 0],
							"uv": {
								"north": {"uv": [6.83041, 11.42857], "uv_size": [0.01559, 0.01209]},
								"east": {"uv": [6.83041, 11.39229], "uv_size": [0.06238, 0.01209]},
								"south": {"uv": [6.89279, 11.3802], "uv_size": [0.01559, 0.01209]},
								"west": {"uv": [6.83041, 11.3802], "uv_size": [0.06238, 0.01209]},
								"up": {"uv": [6.83041, 11.40438], "uv_size": [0.06238, 0.01209]},
								"down": {"uv": [6.83041, 11.42857], "uv_size": [0.06238, -0.01209]}
							}
						},
						{
							"origin": [5.92157, 0, 9],
							"size": [1.25, 0.5, 0.25],
							"pivot": [3, -26, 28],
							"rotation": [0, -45, 0],
							"uv": {
								"north": {"uv": [6.83041, 11.39229], "uv_size": [0.06238, 0.01209]},
								"east": {"uv": [6.89279, 11.3802], "uv_size": [0.01559, 0.01209]},
								"south": {"uv": [6.83041, 11.3802], "uv_size": [0.06238, 0.01209]},
								"west": {"uv": [6.83041, 11.42857], "uv_size": [0.01559, 0.01209]},
								"up": {"uv": [6.83041, 11.40438], "uv_size": [0.06238, 0.01209]},
								"down": {"uv": [6.83041, 11.42857], "uv_size": [0.06238, -0.01209]}
							}
						},
						{
							"origin": [-5.70807, 0, 9.54024],
							"size": [0.25, 0.5, 1.25],
							"pivot": [3, -26, 28],
							"rotation": [0, -45, 0],
							"uv": {
								"north": {"uv": [6.83041, 11.42857], "uv_size": [0.01559, 0.01209]},
								"east": {"uv": [6.83041, 11.39229], "uv_size": [0.06238, 0.01209]},
								"south": {"uv": [6.89279, 11.3802], "uv_size": [0.01559, 0.01209]},
								"west": {"uv": [6.83041, 11.3802], "uv_size": [0.06238, 0.01209]},
								"up": {"uv": [6.83041, 11.40438], "uv_size": [0.06238, 0.01209]},
								"down": {"uv": [6.83041, 11.42857], "uv_size": [0.06238, -0.01209]}
							}
						},
						{
							"origin": [-23.03553, 0, 18.72918],
							"size": [2.25, 0.5, 0.25],
							"pivot": [-9, -26, 28],
							"rotation": [0, -45, 0],
							"uv": {
								"north": {"uv": [6.83041, 11.3802], "uv_size": [0.06238, 0.01209]},
								"east": {"uv": [6.83041, 11.42857], "uv_size": [0.01559, 0.01209]},
								"south": {"uv": [6.83041, 11.39229], "uv_size": [0.06238, 0.01209]},
								"west": {"uv": [6.89279, 11.3802], "uv_size": [0.01559, 0.01209]},
								"up": {"uv": [6.83041, 11.40438], "uv_size": [0.06238, 0.01209]},
								"down": {"uv": [6.83041, 11.42857], "uv_size": [0.06238, -0.01209]}
							}
						},
						{
							"origin": [-13.39983, 0, 12.39421],
							"size": [0.25, 0.5, 2.25],
							"pivot": [-9, -26, 28],
							"rotation": [0, -22.5, 0],
							"uv": {
								"north": {"uv": [6.83041, 11.42857], "uv_size": [0.01559, 0.01209]},
								"east": {"uv": [6.83041, 11.39229], "uv_size": [0.06238, 0.01209]},
								"south": {"uv": [6.89279, 11.3802], "uv_size": [0.01559, 0.01209]},
								"west": {"uv": [6.83041, 11.3802], "uv_size": [0.06238, 0.01209]},
								"up": {"uv": [6.83041, 11.40438], "uv_size": [0.06238, 0.01209]},
								"down": {"uv": [6.83041, 11.42857], "uv_size": [0.06238, -0.01209]}
							}
						},
						{
							"origin": [-6.07843, 0, 9],
							"size": [1.25, 0.5, 0.25],
							"pivot": [-9, -26, 28],
							"rotation": [0, -45, 0],
							"uv": {
								"north": {"uv": [6.83041, 11.39229], "uv_size": [0.06238, 0.01209]},
								"east": {"uv": [6.89279, 11.3802], "uv_size": [0.01559, 0.01209]},
								"south": {"uv": [6.83041, 11.3802], "uv_size": [0.06238, 0.01209]},
								"west": {"uv": [6.83041, 11.42857], "uv_size": [0.01559, 0.01209]},
								"up": {"uv": [6.83041, 11.40438], "uv_size": [0.06238, 0.01209]},
								"down": {"uv": [6.83041, 11.42857], "uv_size": [0.06238, -0.01209]}
							}
						},
						{
							"origin": [-17.70807, 0, 9.54024],
							"size": [0.25, 0.5, 1.25],
							"pivot": [-9, -26, 28],
							"rotation": [0, -45, 0],
							"uv": {
								"north": {"uv": [6.83041, 11.42857], "uv_size": [0.01559, 0.01209]},
								"east": {"uv": [6.83041, 11.39229], "uv_size": [0.06238, 0.01209]},
								"south": {"uv": [6.89279, 11.3802], "uv_size": [0.01559, 0.01209]},
								"west": {"uv": [6.83041, 11.3802], "uv_size": [0.06238, 0.01209]},
								"up": {"uv": [6.83041, 11.40438], "uv_size": [0.06238, 0.01209]},
								"down": {"uv": [6.83041, 11.42857], "uv_size": [0.06238, -0.01209]}
							}
						}
					]
				},
				{
					"name": "bone",
					"pivot": [8, -4, -8],
					"cubes": [
						{
							"origin": [2.75, 25.75, -11],
							"size": [0.5, 0.5, 3],
							"pivot": [11, 17, -24],
							"rotation": [-17.5, 0, 0],
							"uv": {
								"north": {"uv": [6.5653, 11.53741], "uv_size": [0.10916, 0.03628]},
								"east": {"uv": [6.5653, 11.53741], "uv_size": [0.10916, 0.03628]},
								"south": {"uv": [6.5653, 11.3802], "uv_size": [0.23392, 0.10884]},
								"west": {"uv": [6.5653, 11.53741], "uv_size": [0.10916, 0.03628]},
								"up": {"uv": [6.67446, 11.5737], "uv_size": [-0.10916, -0.03628]},
								"down": {"uv": [6.67446, 11.5737], "uv_size": [-0.10916, -0.03628]}
							}
						},
						{
							"origin": [-3.25, 25.75, -11],
							"size": [6.5, 0.5, 0.5],
							"pivot": [11, 17, -24],
							"rotation": [-17.5, 0, 0],
							"uv": {
								"north": {"uv": [6.5653, 11.53741], "uv_size": [0.10916, 0.03628]},
								"east": {"uv": [6.5653, 11.53741], "uv_size": [0.10916, 0.03628]},
								"south": {"uv": [6.5653, 11.3802], "uv_size": [0.23392, 0.10884]},
								"west": {"uv": [6.5653, 11.53741], "uv_size": [0.10916, 0.03628]},
								"up": {"uv": [6.67446, 11.5737], "uv_size": [-0.10916, -0.03628]},
								"down": {"uv": [6.67446, 11.5737], "uv_size": [-0.10916, -0.03628]}
							}
						},
						{
							"origin": [-3.25, 25.75, -11],
							"size": [0.5, 0.5, 3],
							"pivot": [5, 17, -24],
							"rotation": [-17.5, 0, 0],
							"uv": {
								"north": {"uv": [6.5653, 11.53741], "uv_size": [0.10916, 0.03628]},
								"east": {"uv": [6.5653, 11.53741], "uv_size": [0.10916, 0.03628]},
								"south": {"uv": [6.5653, 11.3802], "uv_size": [0.23392, 0.10884]},
								"west": {"uv": [6.5653, 11.53741], "uv_size": [0.10916, 0.03628]},
								"up": {"uv": [6.67446, 11.5737], "uv_size": [-0.10916, -0.03628]},
								"down": {"uv": [6.67446, 11.5737], "uv_size": [-0.10916, -0.03628]}
							}
						},
						{
							"origin": [-4.75, 18.75, -15],
							"size": [9.5, 5.5, 3],
							"pivot": [8, -4.25, -15],
							"rotation": [-17.5, 0, 0],
							"uv": {
								"north": {"uv": [6.5653, 11.3802], "uv_size": [0.14815, 0.03628]},
								"east": {"uv": [6.5653, 11.3802], "uv_size": [0.04678, 0.03628]},
								"south": {"uv": [6.5653, 11.3802], "uv_size": [0.14815, 0.03628]},
								"west": {"uv": [6.5653, 11.3802], "uv_size": [0.04678, 0.03628]},
								"up": {"uv": [6.71345, 11.41648], "uv_size": [-0.14815, -0.03628]},
								"down": {"uv": [6.71345, 11.41648], "uv_size": [-0.14815, -0.03628]}
							}
						}
					]
				}
			]
		}
	]
}